{
 "cells": [
  {
   "cell_type": "code",
   "execution_count": 7,
   "metadata": {},
   "outputs": [],
   "source": [
    "import numpy as np\n",
    "import matplotlib.pyplot as plt"
   ]
  },
  {
   "cell_type": "code",
   "execution_count": 29,
   "metadata": {},
   "outputs": [
    {
     "name": "stderr",
     "output_type": "stream",
     "text": [
      "/home/jadc/.local/lib/python3.5/site-packages/ipykernel_launcher.py:1: VisibleDeprecationWarning: Reading unicode strings without specifying the encoding argument is deprecated. Set the encoding, use None for the system default.\n",
      "  \"\"\"Entry point for launching an IPython kernel.\n"
     ]
    }
   ],
   "source": [
    "datos = np.genfromtxt(\"WDBC.dat\",None,delimiter=\"\\n\")\n",
    "\n",
    "#Creacion vector datos diagnosis\n",
    "vectorDiagnosis = np.zeros(len(datos))\n",
    "\n",
    "#Creacion vector datos pruebas\n",
    "matrizDatosPruebas = np.zeros([len(datos),30])\n",
    "for i in range(len(datos)):\n",
    "    datosFila = (datos[i].decode('UTF-8')).split(\",\")\n",
    "    \n",
    "    #Clasificacion datos diagnosis\n",
    "    if datosFila[1]=='M':\n",
    "        vectorDiagnosis[i]=1\n",
    "    elif datosFila[1]=='B':\n",
    "        vectorDiagnosis[i]=0\n",
    "    \n",
    "    #Clasificacion datos pruebas\n",
    "    for j in range(30):\n",
    "        matrizDatosPruebas[i][j]=(datosFila)[j+2]\n",
    "\n",
    "#Creacion matriz datos\n",
    "MatrizDatos = np.insert(np.transpose(matrizDatosPruebas),0,vectorDiagnosis,axis=0)"
   ]
  },
  {
   "cell_type": "code",
   "execution_count": 4,
   "metadata": {},
   "outputs": [],
   "source": [
    "#Definicion funcion covarianza entre dos tabla de datos\n",
    "def covarianza(datos1,datos2):\n",
    "    prom1 = np.mean(datos1)\n",
    "    prom2 = np.mean(datos2)\n",
    "    return np.sum((datos1-prom1)*(datos2-prom2))/(len(datos1)-1)"
   ]
  },
  {
   "cell_type": "code",
   "execution_count": 40,
   "metadata": {},
   "outputs": [
    {
     "name": "stdout",
     "output_type": "stream",
     "text": [
      "[[158067.61840268 163484.36103369 144165.62857168  47437.12908241\n",
      "  138491.73696189  61204.02201782 132775.7996713   74044.96263727\n",
      "   62275.62287025  59144.05345086  96584.48643224 105620.97500121\n",
      "  117852.50842643  78771.79827586  61355.58251251  79320.79706836\n",
      "   92501.05732149 107135.2270861  189642.53514837  61923.32414281\n",
      "   55411.61926912  28087.83225812  83179.10519972 207626.37758937\n",
      "  167507.15589909 119902.2976918   75987.35295453 121497.67892836\n",
      "  102241.58845337 106230.3635893  138282.19533014]\n",
      " [163484.36103369 172760.92185792 152647.52182882  50074.15457164\n",
      "  148280.20751808  64408.28522734 139870.41661112  77892.33241528\n",
      "   65945.92271496  62420.52146935 102211.87948881 110675.55606853\n",
      "  126281.64521765  84888.05942708  65756.58120106  83963.26888875\n",
      "   96934.73180421 112342.88881728 197065.81886351  66161.92822716\n",
      "   59371.18793706  30176.17848211  88184.16322034 216138.32515808\n",
      "  171601.36973643 125809.12092829  80621.05277804 129532.80931461\n",
      "  106864.6176713  113286.12454391 145588.87130599]\n",
      " [144165.62857168 152647.52182882 134953.23317578  44282.03671789\n",
      "  131282.98642309  56909.92477145 123545.21964835  68833.06892595\n",
      "   58312.212006    55172.21912257  90346.87035579  97715.16341809\n",
      "  111875.87737553  75218.22501063  58229.89813281  74232.71737383\n",
      "   85585.30944781  99195.83223494 173778.32280259  58564.05995117\n",
      "   52569.41809471  26750.67131868  77988.5586295  190596.89606686\n",
      "  151053.86730387 111152.2678691   71288.96246779 114641.91059178\n",
      "   94319.14501968 100249.52426846 128645.99268988]\n",
      " [ 47437.12908241  50074.15457164  44282.03671789  14656.61860253\n",
      "   43023.61004896  18786.89447277  40600.35567402  22686.55249486\n",
      "   19243.66204442  18218.32033787  29714.39453497  32164.49617127\n",
      "   36706.71053765  24713.01990096  19200.0855129   24465.95645138\n",
      "   28186.70099966  32652.07857446  57110.11213908  19287.02425682\n",
      "   17328.3818986    8856.42471254  25674.12306709  62604.07012526\n",
      "   49755.80175692  36550.43012411  23499.32402654  37609.07129169\n",
      "   31095.3245      32918.17329777  42266.56385253]\n",
      " [138491.73696189 148280.20751808 131282.98642309  43023.61004896\n",
      "  128508.19946491  55177.02019879 119804.18471701  66737.81779432\n",
      "   56723.92532252  53563.1204592   87837.26747786  94498.97563055\n",
      "  109614.91826402  73867.9999667   57012.37746292  72188.99869577\n",
      "   82767.25161831  95965.40059853 167251.33714077  57251.57982546\n",
      "   51463.58018607  26247.21090667  75932.83891308 183570.64164345\n",
      "  144195.43387015 107650.72620135  69406.11750418 111971.67872072\n",
      "   91076.37648909  97911.52743803 124778.47712679]\n",
      " [ 61204.02201782  64408.28522734  56909.92477145  18786.89447277\n",
      "   55177.02019879  24128.02703352  52226.40055558  29147.17502415\n",
      "   24683.70077826  23380.71196867  38169.74612036  41393.02810687\n",
      "   47025.13745447  31624.66618888  24571.0731461   31399.70535592\n",
      "   36266.6759491   42013.86063492  73678.08402943  24709.51991838\n",
      "   22181.62496206  11306.17025702  32948.76108082  80765.51073302\n",
      "   64346.38851031  47014.17537534  30147.29018866  48254.02050181\n",
      "   40019.69197598  42228.84843186  54354.79555645]\n",
      " [132775.7996713  139870.41661112 123545.21964835  40600.35567402\n",
      "  119804.18471701  52226.40055558 113324.37589257  63140.08384662\n",
      "   53427.36357639  50599.32905946  82771.72657932  89752.89595851\n",
      "  102022.4392063   68561.62964987  53182.74612114  68014.41632079\n",
      "   78616.72039706  91096.68350329 159949.68425221  53519.77723815\n",
      "   48018.01375264  24409.42828528  71398.78938557 175386.17388771\n",
      "  139604.55952587 101967.54682236  65292.09462519 104729.88907553\n",
      "   86718.31031365  91612.47904397 117940.70456439]\n",
      " [ 74044.96263727  77892.33241528  68833.06892595  22686.55249486\n",
      "   66737.81779432  29147.17502415  63140.08384662  35231.64886129\n",
      "   29816.44903196  28243.69259631  46137.63242003  50038.56875982\n",
      "   56885.24227521  38221.68167092  29675.69856856  37939.89445586\n",
      "   43837.34270597  50788.80173918  89116.75127277  29851.33266315\n",
      "   26788.4845876   13646.73957926  39819.9271018   97681.65623142\n",
      "   77820.97653204  56866.83614726  36417.38407088  58365.61499803\n",
      "   48363.75477226  51056.36896555  65743.03810704]\n",
      " [ 62275.62287025  65945.92271496  58312.212006    19243.66204442\n",
      "   56723.92532252  24683.70077826  53427.36357639  29816.44903196\n",
      "   25300.76985418  23943.41266675  39106.97277041  42282.70846273\n",
      "   48369.18540137  32579.32985689  25275.33495497  32178.88888057\n",
      "   37049.0146101   42926.95920363  75059.87317543  25390.88033605\n",
      "   22813.0056011   11642.82819427  33778.27533087  82317.1336617\n",
      "   65270.19976016  48051.07832656  30914.34169342  49550.2829314\n",
      "   40852.1048737   43363.54319702  55606.11511001]\n",
      " [ 59144.05345086  62420.52146935  55172.21912257  18218.32033787\n",
      "   53563.1204592   23380.71196867  50599.32905946  28243.69259631\n",
      "   23943.41266675  22677.1244439   37012.33336944  40079.15855785\n",
      "   45666.08675975  30738.58348093  23871.92292452  30455.02571181\n",
      "   35120.73534521  40687.07610425  71249.70737159  23988.28944377\n",
      "   21544.30425825  10989.21874349  31950.09526048  78122.57738887\n",
      "   62111.04898893  45524.45227063  29246.41019485  46825.86040851\n",
      "   38743.19824864  40976.83304079  52662.20266789]\n",
      " [ 96584.48643224 102211.87948881  90346.87035579  29714.39453497\n",
      "   87837.26747786  38169.74612036  82771.72657932  46137.63242003\n",
      "   39106.97277041  37012.33336944  60538.67803379  65491.87845729\n",
      "   74851.16102805  50367.18083895  39037.7064323   49768.253951\n",
      "   57372.88420823  66485.32463318 116435.12623846  39246.03861715\n",
      "   35239.58336127  17944.8023497   52255.54402856 127705.12459755\n",
      "  101293.45777341  74439.36747153  47799.78366551  76725.27345751\n",
      "   63251.74190169  67119.68041152  86152.55177937]\n",
      " [105620.97500121 110675.55606853  97715.16341809  32164.49617127\n",
      "   94498.97563055  41393.02810687  89752.89595851  50038.56875982\n",
      "   42282.70846273  40079.15855785  65491.87845729  71184.2395975\n",
      "   80468.01441532  54015.19042088  41968.84890327  53824.18644847\n",
      "   62354.88118749  72238.4192776  127084.06757805  42258.60464488\n",
      "   37893.85665919  19259.98102802  56473.97789316 139284.37584608\n",
      "  111317.62332618  80835.97349993  51643.11747257  82699.56714007\n",
      "   68829.35430265  72344.16383262  93417.88248539]\n",
      " [117852.50842643 126281.64521765 111875.87737553  36706.71053765\n",
      "  109614.91826402  47025.13745447 102022.4392063   56885.24227521\n",
      "   48369.18540137  45666.08675975  74851.16102805  80468.01441532\n",
      "   93580.3470412   63056.77627686  48660.8848662   61542.3119146\n",
      "   70484.0579182   81722.73764533 142268.9012358   48842.34691756\n",
      "   43915.60458926  22433.30619228  64740.97152891 156124.94313223\n",
      "  122520.99020232  91731.61595186  59170.20739242  95503.72423222\n",
      "   77545.03123201  83497.30249608 106317.5075242 ]\n",
      " [ 78771.79827586  84888.05942708  75218.22501063  24713.01990096\n",
      "   73867.9999667   31624.66618888  68561.62964987  38221.68167092\n",
      "   32579.32985689  30738.58348093  50367.18083895  54015.19042088\n",
      "   63056.77627686  42599.60174245  32867.17685051  41434.42840694\n",
      "   47322.51667948  54868.75778947  95249.70958363  32952.50201364\n",
      "   29660.44312755  15167.96273259  43580.97459034 104589.51053069\n",
      "   81765.11390432  61534.08510593  39870.03162693  64299.72855163\n",
      "   52047.16471239  56250.19512628  71388.39354745]\n",
      " [ 61355.58251251  65756.58120106  58229.89813281  19200.0855129\n",
      "   57012.37746292  24571.0731461   53182.74612114  29675.69856856\n",
      "   25275.33495497  23871.92292452  39037.7064323   41968.84890327\n",
      "   48660.8848662   32867.17685051  25423.53734269  32134.46740438\n",
      "   36776.05623929  42625.64426253  74113.31471963  25494.23764657\n",
      "   22942.37871738  11737.24087988  33766.73253496  81346.5773999\n",
      "   63895.46078087  47753.83199867  30910.51852003  49687.97077471\n",
      "   40489.85556784  43486.92539522  55354.98424529]\n",
      " [ 79320.79706836  83963.26888875  74232.71737383  24465.95645138\n",
      "   72188.99869577  31399.70535592  68014.41632079  37939.89445586\n",
      "   32178.88888057  30455.02571181  49768.253951    53824.18644847\n",
      "   61542.3119146   41434.42840694  32134.46740438  40937.87629466\n",
      "   47158.45796896  54642.68935     95610.78269203  32289.99088611\n",
      "   29004.04843238  14788.87435768  42973.32376395 104857.47682155\n",
      "   83162.85283704  61170.41230784  39323.29839912  63061.38260435\n",
      "   51998.15327974  55177.97774079  70791.46078464]\n",
      " [ 92501.05732149  96934.73180421  85585.30944781  28186.70099966\n",
      "   82767.25161831  36266.6759491   78616.72039706  43837.34270597\n",
      "   37049.0146101   35120.73534521  57372.88420823  62354.88118749\n",
      "   70484.0579182   47322.51667948  36776.05623929  47158.45796896\n",
      "   54623.78101099  63279.64281157 111302.26415908  37024.02428561\n",
      "   33203.11511474  16880.44637219  49472.6623352  121988.00936867\n",
      "   97495.41166799  70801.93379544  45248.20179415  72436.469618\n",
      "   60298.14098203  63369.09210558  81824.28356221]\n",
      " [107135.2270861  112342.88881728  99195.83223494  32652.07857446\n",
      "   95965.40059853  42013.86063492  91096.68350329  50788.80173918\n",
      "   42926.95920363  40687.07610425  66485.32463318  72238.4192776\n",
      "   81722.73764533  54868.75778947  42625.64426253  54642.68935\n",
      "   63279.64281157  73310.8433942  128926.19848538  42913.62141299\n",
      "   38485.45270258  19564.13225405  57333.09267448 141311.37743072\n",
      "  112877.69587241  82036.61183774  52431.82563274  83973.34103473\n",
      "   69843.73669202  73458.03323407  94816.83019558]\n",
      " [189642.53514837 197065.81886351 173778.32280259  57110.11213908\n",
      "  167251.33714077  73678.08402943 159949.68425221  89116.75127277\n",
      "   75059.87317543  71249.70737159 116435.12623846 127084.06757805\n",
      "  142268.9012358   95249.70958363  74113.31471963  95610.78269203\n",
      "  111302.26415908 128926.19848538 227882.32365176  74753.7209901\n",
      "   66930.72095113  33910.67330487 100260.83664118 249637.71381459\n",
      "  200769.68805405 144213.82684647  91639.98062381 146598.16135811\n",
      "  122969.89933808 128200.75116011 166485.36059149]\n",
      " [ 61923.32414281  66161.92822716  58564.05995117  19287.02425682\n",
      "   57251.57982546  24709.51991838  53519.77723815  29851.33266315\n",
      "   25390.88033605  23988.28944377  39246.03861715  42258.60464488\n",
      "   48842.34691756  32952.50201364  25494.23764657  32289.99088611\n",
      "   37024.02428561  42913.62141299  74753.7209901   25586.99603355\n",
      "   23011.55221666  11757.67766652  33935.24596862  82033.20365098\n",
      "   64580.2322637   48081.3666441   31049.81916898  49917.14839815\n",
      "   40772.12218864  43681.84962756  55708.55093599]\n",
      " [ 55411.61926912  59371.18793706  52569.41809471  17328.3818986\n",
      "   51463.58018607  22181.62496206  48018.01375264  26788.4845876\n",
      "   22813.0056011   21544.30425825  35239.58336127  37893.85665919\n",
      "   43915.60458926  29660.44312755  22942.37871738  29004.04843238\n",
      "   33203.11511474  38485.45270258  66930.72095113  23011.55221666\n",
      "   20706.72191823  10590.76237581  30483.02176502  73463.41757229\n",
      "   57715.33182269  43114.90077862  27900.54973035  44849.99102871\n",
      "   36556.26771422  39255.66983425  49973.66248392]\n",
      " [ 28087.83225812  30176.17848211  26750.67131868   8856.42471254\n",
      "   26247.21090667  11306.17025702  24409.42828528  13646.73957926\n",
      "   11642.82819427  10989.21874349  17944.8023497   19259.98102802\n",
      "   22433.30619228  15167.96273259  11737.24087988  14788.87435768\n",
      "   16880.44637219  19564.13225405  33910.67330487  11757.67766652\n",
      "   10590.76237581   5439.12635353  15545.43451149  37213.38928197\n",
      "   29166.93556248  21930.49793375  14232.49187296  22867.19109822\n",
      "   18580.31922212  20019.56058332  25416.83332126]\n",
      " [ 83179.10519972  88184.16322034  77988.5586295   25674.12306709\n",
      "   75932.83891308  32948.76108082  71398.78938557  39819.9271018\n",
      "   33778.27533087  31950.09526048  52255.54402856  56473.97789316\n",
      "   64740.97152891  43580.97459034  33766.73253496  42973.32376395\n",
      "   49472.6623352   57333.09267448 100260.83664118  33935.24596862\n",
      "   30483.02176502  15545.43451149  45142.77068823 109961.72411237\n",
      "   87079.97683536  64225.04844395  41286.17815364  66298.44900284\n",
      "   54528.00484253  58004.28545454  74330.42570369]\n",
      " [207626.37758937 216138.32515808 190596.89606686  62604.07012526\n",
      "  183570.64164345  80765.51073302 175386.17388771  97681.65623142\n",
      "   82317.1336617   78122.57738887 127705.12459755 139284.37584608\n",
      "  156124.94313223 104589.51053069  81346.5773999  104857.47682155\n",
      "  121988.00936867 141311.37743072 249637.71381459  82033.20365098\n",
      "   73463.41757229  37213.38928197 109961.72411237 273530.31389664\n",
      "  219720.31322565 158039.46861215 100523.14491077 160846.26533816\n",
      "  134751.87187283 140670.70998195 182512.54014606]\n",
      " [167507.15589909 171601.36973643 151053.86730387  49755.80175692\n",
      "  144195.43387015  64346.38851031 139604.55952587  77820.97653204\n",
      "   65270.19976016  62111.04898893 101293.45777341 111317.62332618\n",
      "  122520.99020232  81765.11390432  63895.46078087  83162.85283704\n",
      "   97495.41166799 112877.69587241 200769.68805405  64580.2322637\n",
      "   57715.33182269  29166.93556248  87079.97683536 219720.31322565\n",
      "  178639.06319411 126104.27511677  79591.9207172  126767.59557684\n",
      "  107924.12705673 110870.26503098 145278.82912729]\n",
      " [119902.2976918  125809.12092829 111152.2678691   36550.43012411\n",
      "  107650.72620135  47014.17537534 101967.54682236  56866.83614726\n",
      "   48051.07832656  45524.45227063  74439.36747153  80835.97349993\n",
      "   91731.61595186  61534.08510593  47753.83199867  61170.41230784\n",
      "   70801.93379544  82036.61183774 144213.82684647  48081.3666441\n",
      "   43114.90077862  21930.49793375  64225.04844395 158039.46861215\n",
      "  126104.27511677  91910.26769118  58690.40729268  94173.02838553\n",
      "   78114.3706796   82345.43585663 106212.79141232]\n",
      " [ 75987.35295453  80621.05277804  71288.96246779  23499.32402654\n",
      "   69406.11750418  30147.29018866  65292.09462519  36417.38407088\n",
      "   30914.34169342  29246.41019485  47799.78366551  51643.11747257\n",
      "   59170.20739242  39870.03162693  30910.51852003  39323.29839912\n",
      "   45248.20179415  52431.82563274  91639.98062381  31049.81916898\n",
      "   27900.54973035  14232.49187296  41286.17815364 100523.14491077\n",
      "   79591.9207172   58690.40729268  37785.45795121  60602.12333147\n",
      "   49881.19693045  53035.91393113  67943.42005221]\n",
      " [121497.67892836 129532.80931461 114641.91059178  37609.07129169\n",
      "  111971.67872072  48254.02050181 104729.88907553  58365.61499803\n",
      "   49550.2829314   46825.86040851  76725.27345751  82699.56714007\n",
      "   95503.72423222  64299.72855163  49687.97077471  63061.38260435\n",
      "   72436.469618    83973.34103473 146598.16135811  49917.14839815\n",
      "   44849.99102871  22867.19109822  66298.44900284 160846.26533816\n",
      "  126767.59557684  94173.02838553  60602.12333147  97650.1354089\n",
      "   79752.85091765  85384.68777669 109088.71496695]\n",
      " [102241.58845337 106864.6176713   94319.14501968  31095.3245\n",
      "   91076.37648909  40019.69197598  86718.31031365  48363.75477226\n",
      "   40852.1048737   38743.19824864  63251.74190169  68829.35430265\n",
      "   77545.03123201  52047.16471239  40489.85556784  51998.15327974\n",
      "   60298.14098203  69843.73669202 122969.89933808  40772.12218864\n",
      "   36556.26771422  18580.31922212  54528.00484253 134751.87187283\n",
      "  107924.12705673  78114.3706796   49881.19693045  79752.85091765\n",
      "   66593.27611209  69779.68996694  90242.14960654]\n",
      " [106230.3635893  113286.12454391 100249.52426846  32918.17329777\n",
      "   97911.52743803  42228.84843186  91612.47904397  51056.36896555\n",
      "   43363.54319702  40976.83304079  67119.68041152  72344.16383262\n",
      "   83497.30249608  56250.19512628  43486.92539522  55177.97774079\n",
      "   63369.09210558  73458.03323407 128200.75116011  43681.84962756\n",
      "   39255.66983425  20019.56058332  58004.28545454 140670.70998195\n",
      "  110870.26503098  82345.43585663  53035.91393113  85384.68777669\n",
      "   69779.68996694  74682.68808698  95391.08804523]\n",
      " [138282.19533014 145588.87130599 128645.99268988  42266.56385253\n",
      "  124778.47712679  54354.79555645 117940.70456439  65743.03810704\n",
      "   55606.11511001  52662.20266789  86152.55177937  93417.88248539\n",
      "  106317.5075242   71388.39354745  55354.98424529  70791.46078464\n",
      "   81824.28356221  94816.83019558 166485.36059149  55708.55093599\n",
      "   49973.66248392  25416.83332126  74330.42570369 182512.54014606\n",
      "  145278.82912729 106212.79141232  67943.42005221 109088.71496695\n",
      "   90242.14960654  95391.08804523 122822.85259665]]\n"
     ]
    }
   ],
   "source": [
    "#Construccion de la matriz de covarianza de los 31 datos (Diagnosis + 30 pruebas)\n",
    "matrizCovarizanza = np.empty([len(MatrizDatos),len(MatrizDatos)])\n",
    "for i in range(len(MatrizDatos)):\n",
    "    for j in range(len(MatrizDatos)):\n",
    "        matrizCovarizanza[i,j]=covarianza(MatrizDatos[:,j],MatrizDatos[:,i])\n",
    "print(matrizCovarizanza)"
   ]
  },
  {
   "cell_type": "code",
   "execution_count": 39,
   "metadata": {},
   "outputs": [
    {
     "name": "stdout",
     "output_type": "stream",
     "text": [
      "Autovalores: \n",
      "[2.53808350e+06 2.06850702e+04 9.55816071e+02 4.10827660e+02\n",
      " 3.57519827e+01 6.39128059e+00 1.32366867e+00 4.56671131e-01\n",
      " 1.75796257e-01 6.98759838e-02 2.37953197e-02 1.30621037e-02\n",
      " 7.49637660e-03 2.74082164e-03 9.05858350e-04 5.30979209e-04\n",
      " 4.47316855e-04 1.74439782e-04 1.56792027e-04 5.89877126e-05\n",
      " 3.41593671e-05 1.72401169e-05 6.32090801e-06 3.70215360e-06\n",
      " 2.67627330e-06 1.33517853e-06 2.26638784e-07 1.68358702e-07\n",
      " 5.90439947e-08 5.84158420e-13 2.18371970e-08]\n",
      "Autovectores: \n",
      "[[-2.48034111e-01  2.94596025e-01 -6.02831933e-02  5.42863299e-01\n",
      "   2.66329031e-01  3.35844921e-02  2.61822980e-01 -1.10304130e-01\n",
      "   2.30033897e-01 -1.05748285e-01  1.17646109e-01  4.59910012e-02\n",
      "   9.66296277e-02  1.92359642e-01  1.88230664e-01 -2.87272364e-02\n",
      "  -1.98486834e-01  3.35578282e-02 -1.45954220e-01 -1.50994624e-01\n",
      "  -7.13448617e-02  2.38645006e-02 -1.56772623e-02 -9.04574081e-02\n",
      "  -3.55839712e-02 -1.62269744e-01 -1.41207615e-01  4.62635171e-02\n",
      "  -2.65575460e-01 -1.37688171e-01 -5.23693109e-03]\n",
      " [-2.60686763e-01 -9.36779056e-02 -2.40895623e-01 -3.16219032e-01\n",
      "   1.47007473e-01 -8.21127784e-02  4.08405268e-03 -3.44769224e-03\n",
      "  -5.40302290e-02  1.03407149e-01 -4.64300752e-02  2.04898822e-01\n",
      "   4.63564224e-02  1.27389496e-01  1.11497374e-01 -1.07723116e-01\n",
      "   6.72851131e-03 -4.18167223e-01  5.38589396e-02 -1.38441836e-01\n",
      "  -1.13549045e-01 -1.88188891e-01  4.05980943e-02  3.22296132e-03\n",
      "  -5.99422353e-02 -3.10949891e-01 -2.18344743e-01 -1.24929413e-01\n",
      "  -1.26723979e-01  4.55979003e-01  4.67144887e-02]\n",
      " [-2.30255158e-01 -1.30399890e-01 -1.99985865e-01 -1.49804983e-02\n",
      "  -7.03713999e-02 -1.83694550e-01 -1.88108775e-01 -3.42955472e-01\n",
      "   8.89554164e-02  1.89560679e-01 -2.05388903e-01 -1.51889709e-02\n",
      "   2.92757127e-02  2.04084018e-01  1.09683594e-01 -2.67309202e-01\n",
      "   2.34221438e-01  2.87373911e-01 -8.59390432e-02  2.22500784e-01\n",
      "   2.74968003e-01 -2.11479518e-01 -2.30788068e-01  4.66424838e-02\n",
      "  -6.54323600e-02 -1.96467776e-01  8.74893699e-02  9.55740389e-02\n",
      "   2.00023454e-02 -2.20595641e-01  8.35862068e-02]\n",
      " [-7.56962759e-02 -3.71648529e-02  2.87210631e-01  1.21350670e-01\n",
      "   6.93508702e-04  3.76746896e-02 -2.50614266e-01  1.31712186e-02\n",
      "  -2.48484111e-01  4.33615503e-01 -4.06155936e-01  3.06463921e-01\n",
      "   1.06165824e-01  1.25366653e-01  1.51707579e-01  1.84704479e-01\n",
      "  -1.56139127e-01  1.29763591e-01 -2.87767570e-01 -2.37171791e-01\n",
      "  -1.48623771e-01  5.33954133e-02  7.38804726e-02  3.92015693e-02\n",
      "   2.42674810e-02  1.54935063e-01  2.14642697e-02 -1.29230618e-02\n",
      "  -3.94835664e-03  2.57296143e-02 -1.97709216e-02]\n",
      " [-2.23066778e-01 -3.21128212e-01 -2.91783960e-01  9.79007943e-03\n",
      "   2.12833635e-01  1.00323397e-01  1.24752272e-01 -1.25658695e-01\n",
      "   3.58175540e-02  1.24106682e-01 -7.98584782e-02 -8.84111454e-02\n",
      "  -6.99273772e-02 -3.04962711e-01 -1.36518584e-01 -1.08676054e-01\n",
      "  -2.33469159e-01 -9.41474470e-02 -2.04371226e-01  1.21511319e-01\n",
      "  -2.72432987e-01  1.86952306e-01 -2.00615981e-01 -1.82522472e-01\n",
      "  -2.77926658e-01  2.41759206e-01  1.86047547e-01 -1.40859722e-01\n",
      "   1.08625055e-01 -6.12343151e-02 -8.72268779e-02]\n",
      " [-9.73841143e-02 -1.58450672e-02  2.31725317e-01  2.75936431e-02\n",
      "   1.48542270e-01 -9.27308529e-02  1.03487837e-01  9.30414876e-04\n",
      "  -2.46019973e-02  1.14974450e-01  2.09666581e-01  2.80191447e-01\n",
      "  -8.88540509e-02 -1.88446182e-01 -9.41517382e-03  4.78048145e-03\n",
      "  -1.01482220e-01 -2.44149761e-01 -1.72078906e-01  3.46702734e-01\n",
      "   2.28012124e-01 -2.05186952e-01  2.59081198e-01 -5.15712683e-02\n",
      "  -1.38129348e-02  3.05317200e-02  3.39186634e-01  4.19323356e-01\n",
      "  -7.82509427e-02  5.80868583e-02  1.72304535e-01]\n",
      " [-2.11268115e-01 -2.88291529e-02 -8.78522215e-04 -2.24341344e-01\n",
      "   1.62314946e-01  1.74064091e-01 -1.60773434e-02  5.08023060e-02\n",
      "  -6.30968398e-02  2.65488243e-02 -7.09913981e-03  9.08165009e-02\n",
      "  -1.43674454e-01 -2.22767919e-01  1.94915171e-02 -1.47607613e-01\n",
      "   3.53807327e-02 -1.08117606e-01  5.33593009e-02 -1.90103849e-01\n",
      "   1.15794651e-02 -8.79011654e-02  9.38732075e-02  2.08943665e-01\n",
      "   3.12090048e-01 -7.00759020e-02 -8.53999921e-02  1.32600680e-01\n",
      "  -8.50995912e-02 -5.13407300e-01 -4.77981057e-01]\n",
      " [-1.17755977e-01 -1.70838829e-02  1.58096152e-01  1.26994626e-01\n",
      "  -1.17060365e-01 -2.19785437e-01 -1.47237939e-01 -5.08456365e-02\n",
      "  -1.90887576e-01  4.63928028e-02  2.34754752e-01  6.34390279e-02\n",
      "  -7.52251855e-02  1.54104253e-01 -3.26661398e-01 -1.07354493e-01\n",
      "   1.44120570e-01 -3.01541248e-01 -9.32112191e-02 -2.49212159e-01\n",
      "   3.14821658e-01  2.04020242e-01 -1.89708245e-01 -4.39043953e-01\n",
      "   6.94797500e-02  3.94727978e-02  1.77370416e-02 -1.71870793e-01\n",
      "  -4.53435044e-02 -8.15470283e-02 -1.27048968e-01]\n",
      " [-9.95660079e-02 -6.34694073e-02  2.42489409e-01 -1.32980367e-02\n",
      "  -5.95630236e-02 -5.31782397e-02 -5.15959982e-02 -1.03363683e-02\n",
      "   1.63527040e-01  1.29363652e-01  1.62494524e-01 -1.61068748e-01\n",
      "  -1.74899339e-01 -3.71714198e-02  3.40518939e-01  1.92286920e-01\n",
      "  -1.44240596e-02 -3.83926011e-02 -2.30735542e-01  4.27757530e-01\n",
      "   8.10714123e-02  1.89832720e-01 -1.23179552e-01  2.65784456e-03\n",
      "   9.36379909e-02 -6.80098105e-02 -3.83119930e-01 -7.43455187e-02\n",
      "   1.11298728e-01  1.89760996e-01 -3.57168488e-01]\n",
      " [-9.43262649e-02 -3.51793103e-02  2.55950850e-01 -2.05941628e-02\n",
      "  -3.86545705e-01 -3.05745713e-01  4.97834814e-01 -8.32677173e-03\n",
      "   1.96100400e-01  1.44224401e-01 -2.22222658e-01 -1.63548503e-02\n",
      "   3.49091155e-01 -1.68666059e-01 -8.54482612e-02 -1.26940148e-01\n",
      "  -6.69389526e-02 -1.61196574e-02  1.81924738e-01 -9.77148918e-02\n",
      "   2.11890461e-02 -4.50196731e-02 -4.62374414e-02  2.40484968e-02\n",
      "  -1.08170665e-01  2.69834784e-02 -4.92716069e-03  9.25837147e-02\n",
      "  -4.05802972e-02  7.15933965e-02 -2.64863088e-01]\n",
      " [-1.54253233e-01 -7.99275917e-02  8.68605117e-02 -1.30762495e-01\n",
      "  -1.62327933e-01 -3.73892757e-02  9.53438429e-02 -1.03321486e-01\n",
      "  -2.68340231e-01 -1.96614012e-01  2.96408324e-01 -1.11510106e-01\n",
      "   5.12725291e-03  2.43031292e-01  3.56476109e-01 -1.15507139e-01\n",
      "  -3.24086647e-01  3.73545300e-02 -6.82404538e-03 -2.20271521e-01\n",
      "  -1.13655142e-01 -5.26155784e-02 -6.42851553e-02 -7.79835497e-03\n",
      "   3.12168498e-02 -5.33297184e-02  2.33445229e-01  1.43659380e-01\n",
      "   4.82682925e-01 -1.19150891e-02 -1.60007695e-02]\n",
      " [-1.67419505e-01  3.87646536e-02  1.10743525e-01 -2.59200274e-02\n",
      "   1.10203377e-01  3.64376768e-02  1.46830914e-01  4.87153923e-02\n",
      "  -1.62359189e-01  3.01695952e-02  2.70417035e-02  1.47267364e-01\n",
      "   1.04494264e-01  3.78029389e-01 -2.46920444e-01 -2.00569403e-01\n",
      "  -4.66970906e-02  1.97701593e-01  2.14324384e-01  4.72132797e-01\n",
      "  -2.12070706e-01  1.32068292e-01  2.05618835e-01 -1.26989391e-02\n",
      "   2.47459572e-01 -3.73890512e-02  1.48778606e-01 -3.08980925e-01\n",
      "  -1.11749966e-02  1.85519424e-02 -1.40336959e-01]\n",
      " [-1.89991720e-01 -3.01717593e-01 -1.63197412e-01  3.53799521e-01\n",
      "  -3.03209089e-01  9.39585176e-02 -1.24610688e-01  7.20966378e-01\n",
      "   6.61586964e-02 -4.44253319e-02 -3.25507432e-02  8.89253813e-02\n",
      "  -7.21763566e-02  3.67489100e-02  1.19312686e-01 -1.49594187e-01\n",
      "  -2.92006897e-02 -3.18019908e-02  7.32602357e-02  7.30185350e-02\n",
      "   4.61977120e-02 -8.65123377e-02 -2.44501082e-02 -1.86569752e-02\n",
      "  -1.82364188e-02 -3.18408138e-02  2.93162706e-02  1.40563192e-02\n",
      "   1.06340019e-02 -2.49378996e-02  1.48666984e-02]\n",
      " [-1.27573617e-01 -2.49419547e-01  5.39697676e-02 -7.07432322e-02\n",
      "  -8.97160919e-02 -8.57822141e-02 -4.01515293e-01 -1.30645814e-01\n",
      "   1.14011822e-01  3.75310597e-02  3.60630807e-01 -9.26003441e-02\n",
      "   5.52320183e-02 -3.29369508e-02  7.08862163e-03  5.02010913e-02\n",
      "  -1.07885751e-01  2.87581762e-01  2.52710466e-01 -9.87540209e-02\n",
      "  -1.90639047e-01  6.07433129e-02  2.45711641e-01 -1.08793735e-01\n",
      "  -2.20430869e-01  2.20693115e-02  3.28031935e-02  1.50008351e-01\n",
      "  -4.28005699e-01  6.88263835e-02 -1.39393270e-01]\n",
      " [-9.90007761e-02 -1.54626402e-01  2.31908887e-01 -5.59887878e-02\n",
      "  -4.65223940e-02  3.24328584e-02  4.25526462e-02 -9.11401388e-04\n",
      "   4.96990891e-01  4.15180332e-02  2.05594006e-01  7.59461178e-02\n",
      "  -1.94674509e-01  1.30277273e-01 -2.71523942e-01 -2.06030021e-02\n",
      "   1.85693376e-01  7.27518136e-02 -2.51956961e-01 -1.90392343e-01\n",
      "  -3.38084650e-01 -2.41161155e-01 -1.55778751e-01  1.58388849e-01\n",
      "   2.51890158e-01  9.91225049e-02  4.42991965e-02 -4.14692614e-02\n",
      "   7.82308358e-02  7.68406304e-02  1.68010004e-01]\n",
      " [-1.26752910e-01 -7.35492584e-02  2.17229064e-01 -5.10965175e-02\n",
      "  -2.13175220e-01  2.82687838e-01 -1.84928960e-01 -1.45595219e-01\n",
      "   8.71084119e-02  1.10700274e-03 -7.87481868e-02 -1.90805141e-01\n",
      "   3.40696318e-01 -4.26384803e-02 -1.20710314e-02  7.82627271e-03\n",
      "  -1.73810637e-01 -3.78743716e-01  9.56274946e-02  1.72895987e-01\n",
      "  -1.24031065e-01  8.31713332e-02 -3.26935000e-02 -8.31009275e-02\n",
      "   1.80375640e-01 -1.17186381e-01 -1.51410709e-01  7.74574957e-03\n",
      "  -4.84385464e-02 -2.98175689e-01  4.20036718e-01]\n",
      " [-1.46645544e-01  3.26991430e-02  1.43739435e-01 -3.27493746e-02\n",
      "  -6.33522987e-02 -1.46082266e-02  1.41902161e-01  2.35775652e-02\n",
      "  -4.16233313e-01 -1.00292717e-01  1.79096449e-01  2.25011373e-02\n",
      "   1.48764298e-03 -2.49076820e-01  2.26763453e-01 -1.39070390e-01\n",
      "   1.24465503e-01  1.34181021e-01 -3.20628235e-02  5.40098963e-02\n",
      "  -4.71037160e-02 -7.35831040e-02 -3.84879794e-01  2.01324861e-01\n",
      "   6.18174720e-02  2.47588381e-01 -3.91543879e-02 -1.95798225e-01\n",
      "  -4.34430999e-01  4.78802175e-02  2.28710289e-01]\n",
      " [-1.69915319e-01  3.02155284e-02  1.18991073e-01 -4.01780607e-02\n",
      "  -9.73124186e-03 -1.60219438e-01  1.38090501e-01  1.22799184e-01\n",
      "  -6.55979087e-02  1.99155073e-01 -8.98483223e-02 -3.61157813e-01\n",
      "  -3.65247817e-01 -2.25562668e-01 -6.83170103e-02  1.15377414e-03\n",
      "  -1.20022261e-01  1.96656097e-01 -7.06370461e-02 -1.56661653e-01\n",
      "   7.41985432e-02  1.33586515e-01  2.55236121e-01  2.21457888e-03\n",
      "   4.74410630e-02 -4.50987272e-01  9.36085909e-02 -2.29122431e-01\n",
      "  -3.71585165e-02 -3.02004793e-02  2.87760280e-01]\n",
      " [-2.98586658e-01  2.76358867e-01 -1.41462271e-01 -8.35496123e-02\n",
      "  -6.80157746e-02  7.24358563e-02 -1.66272568e-01  5.24476883e-02\n",
      "   1.86959747e-01 -9.13302387e-02  3.94665441e-02 -1.27959633e-02\n",
      "   3.19065282e-01 -1.76719029e-01  1.09049811e-01 -1.52400381e-01\n",
      "   2.64629938e-01  8.26983063e-03 -2.15120409e-01 -9.29655573e-02\n",
      "   1.00696818e-01  4.45392227e-01  1.73671537e-01  1.62748171e-01\n",
      "   1.37255318e-01  8.29488138e-02  2.82708336e-01  9.64724456e-03\n",
      "   8.40714875e-02  2.25942839e-01  2.54392608e-03]\n",
      " [-9.96561194e-02 -1.31105981e-01  1.52073663e-01 -3.53922282e-02\n",
      "   2.42113316e-01 -1.47063040e-01 -3.44130681e-02  5.81148838e-02\n",
      "  -3.70186552e-03 -3.88223022e-01 -3.02244000e-01 -1.10096989e-01\n",
      "   1.02261292e-01 -1.68608496e-01  1.54237596e-01 -6.58886233e-03\n",
      "   2.07300442e-01  1.64181238e-01 -4.76778631e-02 -4.39340410e-03\n",
      "  -1.13715103e-01 -2.10372020e-01  1.04238114e-01 -5.67101963e-01\n",
      "   2.60648973e-01  5.82024756e-02 -4.31293652e-02  5.36429523e-02\n",
      "   4.21560654e-02  8.36705007e-02 -7.12407340e-03]\n",
      " [-8.93844185e-02 -1.37056769e-01  1.94512497e-01 -6.44697756e-02\n",
      "   2.28560271e-01 -1.70216749e-01 -1.15944239e-01  7.70924030e-03\n",
      "   1.23130892e-01 -3.42437637e-01 -3.12890452e-01  1.63131437e-03\n",
      "  -2.34267788e-01  1.69385568e-01 -1.08772028e-01 -1.82908649e-01\n",
      "  -3.17604417e-01 -3.10049187e-02  1.37674777e-01 -3.28701939e-02\n",
      "   2.05642216e-01  3.21511661e-01 -1.53557587e-01  2.72437197e-01\n",
      "   2.31107929e-02  1.60524344e-01 -8.27548813e-02  2.06856569e-01\n",
      "  -9.56144923e-02  1.34000382e-01  9.46945919e-02]\n",
      " [-4.54405838e-02 -8.66405527e-02  2.00834684e-01  9.04274864e-02\n",
      "   1.12068295e-01 -3.27166192e-01 -1.79026400e-01  5.80643692e-02\n",
      "  -4.76681010e-02 -3.63052725e-01 -1.52687567e-02 -8.46579924e-03\n",
      "   1.97875008e-01 -2.43162722e-02 -6.50385152e-02  2.13500295e-01\n",
      "   1.11131068e-01 -1.86351685e-01 -1.81784194e-01  7.43576786e-02\n",
      "  -1.29670235e-01 -1.11465356e-01  4.41346547e-02  3.39606006e-01\n",
      "  -3.41845048e-01 -2.11497567e-01  1.58660815e-01 -2.84650211e-01\n",
      "   4.84774029e-02 -2.14396828e-01 -1.21064333e-01]\n",
      " [-1.33050171e-01 -9.61327559e-02  1.30953874e-01  4.43188179e-02\n",
      "   3.49290909e-01 -1.40609966e-02  6.02543396e-03  4.09084629e-02\n",
      "   1.84843982e-01  1.86211339e-01  1.32860034e-01  2.47484913e-01\n",
      "   9.87933901e-02 -1.61690748e-01  1.79494561e-01  2.67828795e-01\n",
      "   9.40447831e-02  7.80201472e-02  5.37270242e-01 -9.99842388e-02\n",
      "   1.72155324e-01  9.77901069e-02 -2.28016565e-01 -1.63751990e-02\n",
      "   1.01297270e-02 -3.38310154e-02  1.06173932e-01 -1.81684636e-01\n",
      "   2.61305682e-01 -5.71750115e-02  1.42567276e-01]\n",
      " [-3.27316081e-01  2.70299097e-01 -1.95934316e-01 -3.88768928e-01\n",
      "  -1.09400348e-01 -1.43172844e-01  8.23289965e-02  2.30441452e-01\n",
      "   7.28263926e-02 -2.73632518e-02 -7.16795469e-02 -5.67897411e-02\n",
      "  -6.00572455e-02  2.43144889e-01 -3.23027749e-02  5.38551663e-01\n",
      "  -8.95248817e-02  9.77894260e-03 -2.30199930e-02  7.17934130e-02\n",
      "   1.59780258e-02 -2.97202703e-02 -1.36137729e-01 -1.33668330e-01\n",
      "  -2.18015581e-02  1.92827305e-01  1.11189833e-01  6.81922567e-02\n",
      "  -1.56715982e-01 -1.94794343e-01  3.45339983e-02]\n",
      " [-2.60948964e-01  5.29531234e-01  9.48005996e-02  4.75062397e-02\n",
      "  -2.21030698e-02 -1.13113925e-01 -2.82549311e-01  6.23679758e-02\n",
      "  -5.00513087e-02  4.50049853e-02  2.16943067e-02  5.34182686e-02\n",
      "  -1.23767314e-01 -2.13541516e-01 -1.95208287e-01 -2.24886417e-01\n",
      "  -6.16311883e-02  6.30034852e-02  1.50600474e-01  8.42399171e-02\n",
      "  -1.92915114e-01 -1.82275746e-01 -2.65003630e-02 -3.68817464e-02\n",
      "  -2.48449924e-01  1.07737106e-01 -3.02694560e-01  7.86284267e-02\n",
      "   3.19422103e-01  8.15690346e-03  4.96602140e-02]\n",
      " [-1.90234609e-01  9.65728150e-03 -3.30785207e-02  3.68741830e-01\n",
      "   7.17268252e-02 -1.48811429e-02 -2.54246489e-02 -1.13052103e-01\n",
      "  -1.98179644e-01  1.57944907e-01 -1.12048576e-01 -4.64866018e-01\n",
      "  -1.12817656e-01  8.96605776e-02 -5.45818793e-02  1.87058429e-01\n",
      "   2.66605309e-01 -2.53380801e-01  2.65561803e-01  3.63623683e-03\n",
      "  -1.68969560e-01 -8.20902363e-02 -4.42959405e-02  1.82536059e-01\n",
      "   1.58668134e-01  9.67640406e-02  1.91083648e-01  2.37627880e-01\n",
      "  -1.81293059e-03  2.01509392e-01 -1.08906231e-01]\n",
      " [-1.21643559e-01 -9.06326904e-02  2.36113038e-01 -1.14830014e-01\n",
      "   3.18719035e-02  2.20014807e-01  2.44003353e-01  2.56188078e-02\n",
      "  -6.73173574e-03  1.14506551e-02 -4.16415955e-02 -4.64693153e-02\n",
      "  -1.73513519e-01  2.55812407e-01  1.80372961e-01 -1.14655295e-01\n",
      "   4.50587582e-01 -8.03997294e-02  3.78072222e-02 -4.21912614e-02\n",
      "  -1.80277327e-02  1.71961034e-01  2.81058807e-01 -5.14794022e-02\n",
      "  -4.71007040e-01  1.94378696e-01 -1.45390695e-01  4.87390500e-02\n",
      "   3.43942569e-02 -1.72014520e-01  1.22522159e-01]\n",
      " [-1.95088105e-01 -2.21646846e-01 -1.75008133e-01  1.16048372e-01\n",
      "  -1.82517225e-01 -5.42798790e-02  1.64107461e-01 -1.50018974e-01\n",
      "  -2.44994853e-01 -1.88377228e-01  3.61374419e-02  3.27335408e-01\n",
      "  -1.71182413e-02 -1.26776786e-01 -2.46113231e-01  2.95973163e-01\n",
      "   1.65395673e-01  1.67783978e-01 -3.54493404e-02  2.83619318e-02\n",
      "  -1.22052120e-01  2.77713391e-01  3.03522452e-02  6.48659137e-02\n",
      "   7.25409513e-02 -2.04504538e-01 -2.95698194e-01  3.03016709e-01\n",
      "   1.37390598e-01 -2.39711902e-03  1.20297894e-01]\n",
      " [-1.61788914e-01  6.83829013e-02  2.44039866e-01 -5.40506770e-02\n",
      "  -3.28900849e-02  6.11535854e-01 -1.03401934e-02 -1.97786606e-02\n",
      "  -5.02412492e-02 -1.70721801e-01 -1.04256973e-01 -4.32894420e-03\n",
      "  -3.63326339e-03 -2.36004863e-02 -2.13691900e-01  1.12230458e-01\n",
      "  -1.23372062e-02  1.48417375e-01 -2.63225440e-02 -1.95234035e-02\n",
      "   1.84114436e-01 -1.32606756e-01 -2.53508054e-01 -7.69828447e-02\n",
      "  -2.30970631e-01 -3.10820492e-01  1.71139913e-01  4.80802619e-02\n",
      "  -5.46228569e-02  2.49026839e-01 -1.95840041e-01]\n",
      " [-1.70627847e-01 -1.94793078e-01 -4.54381145e-02 -1.45065761e-02\n",
      "   2.52983770e-01  6.29715553e-02  6.10326947e-02  1.38723003e-01\n",
      "  -1.21732291e-01  1.00664980e-01  1.88011754e-01 -2.99541159e-01\n",
      "   3.84349475e-01  7.27554739e-02 -2.58080907e-01  5.31822029e-02\n",
      "  -1.05196263e-01  1.59287200e-01 -1.54822032e-01 -7.35713765e-02\n",
      "   3.62297520e-01 -2.12482780e-01  1.58087465e-01  1.52447148e-01\n",
      "   2.10780235e-03  2.24816049e-01 -3.20894058e-01 -1.28107835e-02\n",
      "   1.30176102e-01  4.85917245e-02  6.15393658e-02]\n",
      " [-2.19940469e-01 -3.51734087e-02 -8.73999770e-02  1.56119748e-01\n",
