{
 "cells": [
  {
   "cell_type": "code",
   "execution_count": 2,
   "metadata": {},
   "outputs": [],
   "source": [
    "import numpy as np\n",
    "import matplotlib.pyplot as plt"
   ]
  },
  {
   "cell_type": "code",
   "execution_count": 29,
   "metadata": {},
   "outputs": [
    {
     "name": "stderr",
     "output_type": "stream",
     "text": [
      "/home/jadc/.local/lib/python3.5/site-packages/ipykernel_launcher.py:1: VisibleDeprecationWarning: Reading unicode strings without specifying the encoding argument is deprecated. Set the encoding, use None for the system default.\n",
      "  \"\"\"Entry point for launching an IPython kernel.\n"
     ]
    }
   ],
   "source": [
    "datos = np.genfromtxt(\"WDBC.dat\",None,delimiter=\"\\n\")\n",
    "\n",
    "#Creacion vector datos diagnosis\n",
    "vectorDiagnosis = np.zeros(len(datos))\n",
    "\n",
    "#Creacion vector datos pruebas\n",
    "matrizDatosPruebas = np.zeros([len(datos),30])\n",
    "for i in range(len(datos)):\n",
    "    datosFila = (datos[i].decode('UTF-8')).split(\",\")\n",
    "    \n",
    "    #Clasificacion datos diagnosis\n",
    "    if datosFila[1]=='M':\n",
    "        vectorDiagnosis[i]=1\n",
    "    elif datosFila[1]=='B':\n",
    "        vectorDiagnosis[i]=0\n",
    "    \n",
    "    #Clasificacion datos pruebas\n",
    "    for j in range(30):\n",
    "        matrizDatosPruebas[i][j]=((datosFila)[j+2])\n",
    "\n",
    "#Creacion matriz datos\n",
    "MatrizDatos = np.transpose(matrizDatosPruebas)\n",
    "\n",
    "#Normalizacion\n",
    "for i in range(len(MatrizDatos)):\n",
    "    MatrizDatos[i]=(MatrizDatos[i]-np.mean(MatrizDatos[i]))/np.std(MatrizDatos[i])"
   ]
  },
  {
   "cell_type": "code",
   "execution_count": 28,
   "metadata": {},
   "outputs": [],
   "source": [
    "#Definicion funcion covarianza entre dos tabla de datos\n",
    "def covarianza(datos1,datos2):\n",
    "    prom1 = np.mean(datos1)\n",
    "    prom2 = np.mean(datos2)\n",
    "    return np.sum((datos1-prom1)*(datos2-prom2))/(len(datos1)-1)"
   ]
  },
  {
   "cell_type": "code",
   "execution_count": 30,
   "metadata": {},
   "outputs": [
    {
     "name": "stdout",
     "output_type": "stream",
     "text": [
      "[[ 1.58367714e+00  2.46735514e-01  4.56389622e-01  8.58612517e-01\n",
      "   4.33738733e-01  5.51921915e-01  2.24218937e-01  1.51500938e-01\n",
      "   3.86117078e-01  2.67401540e-01 -2.91702406e-01  3.63518686e-01\n",
      "   2.93820776e-02 -3.47919431e-01  2.79080919e-01  9.05065636e-02\n",
      "  -6.57281215e-02  4.03839208e-01  2.01484983e-01  1.64078786e-01\n",
      "   2.99226153e-01  9.12219536e-02  8.53439394e-01  4.57682903e-02\n",
      "   4.43002536e-01  9.66486527e-01  3.97884673e-01 -1.18571736e-01\n",
      "   1.95387216e-01  4.15408375e-01]\n",
      " [ 2.46735514e-01  8.56680557e-01  4.60435813e-01 -1.10973167e+00\n",
      "   5.93110170e-01 -3.81047289e-01  5.63088469e-01 -2.13214128e-01\n",
      "  -3.87030642e-01 -7.82730760e-01  3.36317968e-01  1.66424564e-01\n",
      "  -1.27974394e-01  9.06393680e-02 -4.59726096e-01 -2.82370484e-01\n",
      "   2.11660608e-01  2.31931943e-02  8.06549584e-01  4.98116141e-02\n",
      "  -8.94516266e-02 -3.21366819e-01 -1.56061163e-01  9.50568643e-01\n",
      "   4.42219314e-01  1.56338513e-01 -8.96260191e-02  3.50741294e-01\n",
      "   2.40395819e-03  3.86080897e-01]\n",
      " [ 4.56389622e-01  4.60435813e-01  4.94003933e-01 -3.34100289e-01\n",
      "   4.08082140e-01 -5.46424607e-02  3.74084211e-01 -1.08658740e-01\n",
      "   1.59276473e-02 -3.68698021e-01  7.30681455e-02  1.95962921e-01\n",
      "  -7.24484690e-02  7.41934370e-02 -1.10162187e-01 -6.17333077e-02\n",
      "   1.04867756e-01  1.22679641e-01  5.06654582e-01  9.94894090e-02\n",
      "   1.41628470e-02 -1.95548182e-01  2.43853717e-01  5.10290217e-01\n",
      "   3.35085111e-01  3.54946331e-01  1.34599436e-01  1.46086184e-01\n",
      "   1.50599864e-01  3.02920727e-01]\n",
      " [ 8.58612517e-01 -1.10973167e+00 -3.34100289e-01  3.89343366e+00\n",
      "  -1.03221370e+00  1.57726362e+00 -6.37734942e-01  6.35374162e-01\n",
      "   1.41928609e+00  2.37978890e+00 -6.88504813e-01  2.83958500e-01\n",
      "  -2.58464953e-01 -5.56889429e-01  1.51873736e+00  1.08764319e+00\n",
      "  -3.92389477e-01  5.60335309e-01 -1.44787296e+00  1.24427098e-01\n",
      "   6.23255170e-01  5.94605922e-01  1.37100805e+00 -1.65997929e+00\n",
      "  -3.64298018e-01  5.32834083e-01  1.10763004e+00 -1.18444129e+00\n",
      "   4.06519529e-01 -4.16498563e-01]\n",
      " [ 4.33738733e-01  5.93110170e-01  4.08082140e-01 -1.03221370e+00\n",
      "   8.88733072e-01 -2.85247706e-01  3.22349052e-01 -2.01783685e-01\n",
      "  -4.32729584e-01 -9.36974120e-01 -1.88546126e-02  3.92799937e-03\n",
      "  -2.96615562e-02  1.39493738e-01 -4.85929781e-01 -5.36431808e-01\n",
      "   4.98782446e-02 -6.29851974e-02  6.04938701e-01  1.68128327e-01\n",
      "  -1.11724104e-01 -3.06345845e-02 -1.40033937e-02  5.20706614e-01\n",
      "   2.33845510e-01  2.98935464e-01 -3.73335426e-01  4.74249347e-01\n",
      "  -2.30294780e-01  4.37100609e-01]\n",
      " [ 5.51921915e-01 -3.81047289e-01 -5.46424607e-02  1.57726362e+00\n",
      "  -2.85247706e-01  8.81762167e-01 -1.38190576e-01  4.03376434e-01\n",
      "   7.46547790e-01  1.25062305e+00 -3.33213926e-01  1.72096862e-01\n",
      "  -4.76072386e-01 -4.12307514e-01  7.94498482e-01  5.81387127e-01\n",
      "  -8.72499714e-02  4.40506337e-01 -4.45389145e-01  1.11294955e-01\n",
      "   3.37402596e-01  2.71138683e-01  5.66033262e-01 -5.65453872e-01\n",
      "   5.78187195e-02  3.37815862e-01  6.22383051e-01 -5.11059852e-01\n",
      "   3.00756537e-01 -1.15763590e-01]\n",
      " [ 2.24218937e-01  5.63088469e-01  3.74084211e-01 -6.37734942e-01\n",
      "   3.22349052e-01 -1.38190576e-01  4.91267625e-01 -1.13661725e-01\n",
      "  -6.60345982e-02 -3.49527051e-01  2.64326824e-01  1.74714193e-01\n",
      "  -3.35670535e-01  7.61462843e-03 -1.85808088e-01 -6.73611931e-03\n",
      "   2.28539082e-01  1.62538731e-01  6.57759841e-01  4.21926179e-02\n",
      "  -1.41603829e-02 -3.11683947e-01 -6.04547290e-02  7.53139419e-01\n",
      "   4.64861436e-01  9.05976138e-02  1.31227798e-01  1.62739393e-01\n",
      "   2.29901305e-01  2.34984657e-01]\n",
      " [ 1.51500938e-01 -2.13214128e-01 -1.08658740e-01  6.35374162e-01\n",
      "  -2.01783685e-01  4.03376434e-01 -1.13661725e-01  3.68098077e-01\n",
      "   3.46505227e-01  5.71326549e-01 -1.33700797e-01  1.24417315e-02\n",
      "  -1.62681465e-01 -2.64376936e-01  3.57398867e-01  2.82133998e-01\n",
      "  -2.55064971e-02  2.64969100e-01 -2.72745667e-01  1.65506409e-02\n",
      "   1.73955693e-01  1.97423604e-01  7.96049864e-02 -2.74309074e-01\n",
      "   5.59814279e-02  2.64506498e-01  2.85010212e-01 -2.46332256e-01\n",
      "   8.58058438e-02 -1.03529526e-01]\n",
      " [ 3.86117078e-01 -3.87030642e-01  1.59276473e-02  1.41928609e+00\n",
      "  -4.32729584e-01  7.46547790e-01 -6.60345982e-02  3.46505227e-01\n",
      "   8.43903044e-01  1.08924481e+00 -2.23854916e-01  1.60563351e-01\n",
      "  -4.15899741e-01 -2.90537406e-01  7.50198725e-01  6.79744744e-01\n",
      "  -4.29982260e-02  4.49310547e-01 -3.84177470e-01  6.67495462e-02\n",
      "   3.29180146e-01  1.08549458e-01  5.69739416e-01 -4.16725832e-01\n",
      "   9.37085524e-02  3.40139590e-01  7.29601500e-01 -5.36694058e-01\n",
      "   4.48900879e-01 -1.78408704e-01]\n",
      " [ 2.67401540e-01 -7.82730760e-01 -3.68698021e-01  2.37978890e+00\n",
      "  -9.36974120e-01  1.25062305e+00 -3.49527051e-01  5.71326549e-01\n",
      "   1.08924481e+00  3.24020623e+00 -2.72496004e-01  4.01467853e-01\n",
      "  -4.64779627e-01 -6.26922933e-01  1.85356183e+00  1.38745423e+00\n",
      "  -1.67406592e-01  5.48440074e-01 -8.64638555e-01 -1.66119366e-01\n",
      "   3.20200074e-01  1.00944416e-01  5.96410319e-01 -1.01525839e+00\n",
      "  -2.18394700e-01 -1.30593946e-01  1.28607422e+00 -9.19488858e-01\n",
      "   6.79028906e-01 -4.51984179e-01]\n",
      " [-2.91702406e-01  3.36317968e-01  7.30681455e-02 -6.88504813e-01\n",
      "  -1.88546126e-02 -3.33213926e-01  2.64326824e-01 -1.33700797e-01\n",
      "  -2.23854916e-01 -2.72496004e-01  3.95329827e-01  5.46988081e-02\n",
      "  -8.85072925e-02  6.81688262e-02 -2.47753637e-01 -1.11562447e-02\n",
      "   1.96230895e-01 -3.05672138e-02  3.85240654e-01 -1.19765411e-01\n",
      "  -1.12259286e-01 -3.20863276e-01 -3.91856980e-01  5.59413842e-01\n",
      "   2.05347895e-01 -2.68544966e-01 -2.79030938e-02  1.30484129e-01\n",
      "   1.13271508e-01  2.86066957e-02]\n",
      " [ 3.63518686e-01  1.66424564e-01  1.95962921e-01  2.83958500e-01\n",
      "   3.92799937e-03  1.72096862e-01  1.74714193e-01  1.24417315e-02\n",
      "   1.60563351e-01  4.01467853e-01  5.46988081e-02  2.93367186e-01\n",
      "  -1.59386992e-01 -9.06970890e-02  2.37511113e-01  2.27854054e-01\n",
      "   5.30490613e-02  1.40094100e-01  1.77945158e-01  1.44657203e-02\n",
      "   6.67844327e-02 -1.42731510e-01  2.55667209e-01  1.82551625e-01\n",
      "   2.01834498e-01  1.17408683e-01  3.37484282e-01 -9.35339214e-02\n",
      "   2.48902885e-01  1.06997514e-01]\n",
      " [ 2.93820776e-02 -1.27974394e-01 -7.24484690e-02 -2.58464953e-01\n",
      "  -2.96615562e-02 -4.76072386e-01 -3.35670535e-01 -1.62681465e-01\n",
      "  -4.15899741e-01 -4.64779627e-01 -8.85072925e-02 -1.59386992e-01\n",
      "   1.98794326e+00  2.04093679e-01 -1.73891417e-01 -4.69604097e-01\n",
      "  -2.61276367e-01 -4.25727015e-01 -3.51927761e-01 -1.98150586e-01\n",
      "  -1.34835614e-01  5.85976411e-02  1.08054955e-01 -3.80162865e-01\n",
      "  -5.48632796e-01  2.35876610e-01 -3.86604279e-01  1.88481863e-01\n",
      "  -4.96683452e-01  1.13964174e-01]\n",
      " [-3.47919431e-01  9.06393680e-02  7.41934370e-02 -5.56889429e-01\n",
      "   1.39493738e-01 -4.12307514e-01  7.61462843e-03 -2.64376936e-01\n",
      "  -2.90537406e-01 -6.26922933e-01  6.81688262e-02 -9.06970890e-02\n",
      "   2.04093679e-01  3.84906448e-01 -3.36361357e-01 -2.61561026e-01\n",
      "  -2.71276670e-02 -2.65636222e-01  1.11135084e-01  2.34951398e-02\n",
      "  -1.80765575e-01 -9.31883337e-02 -5.08637711e-02  1.15376715e-01\n",
      "  -1.54158755e-01 -1.51927521e-01 -2.69810716e-01  2.18589569e-01\n",
      "  -1.38389773e-01  1.74811577e-02]\n",
      " [ 2.79080919e-01 -4.59726096e-01 -1.10162187e-01  1.51873736e+00\n",
      "  -4.85929781e-01  7.94498482e-01 -1.85808088e-01  3.57398867e-01\n",
      "   7.50198725e-01  1.85356183e+00 -2.47753637e-01  2.37511113e-01\n",
      "  -1.73891417e-01 -3.36361357e-01  1.19876823e+00  8.12968390e-01\n",
      "  -1.53172065e-01  3.78138526e-01 -5.34864642e-01 -6.02502790e-02\n",
      "   2.50556234e-01  7.77580149e-02  5.33627607e-01 -6.34812790e-01\n",
      "  -1.49508711e-01  8.73165739e-02  8.34414863e-01 -5.79817382e-01\n",
      "   4.27448865e-01 -2.15416820e-01]\n",
      " [ 9.05065636e-02 -2.82370484e-01 -6.17333077e-02  1.08764319e+00\n",
      "  -5.36431808e-01  5.81387127e-01 -6.73611931e-03  2.82133998e-01\n",
      "   6.79744744e-01  1.38745423e+00 -1.11562447e-02  2.27854054e-01\n",
      "  -4.69604097e-01 -2.61561026e-01  8.12968390e-01  8.46536787e-01\n",
      "   1.06339298e-03  3.66961166e-01 -2.77222335e-01 -6.65410184e-02\n",
      "   2.21217017e-01 -9.07178086e-02  3.02017968e-01 -2.46095506e-01\n",
      "   9.74737103e-02  3.58230494e-02  7.55557596e-01 -5.15433451e-01\n",
      "   5.23985356e-01 -2.37501126e-01]\n",
      " [-6.57281215e-02  2.11660608e-01  1.04867756e-01 -3.92389477e-01\n",
      "   4.98782446e-02 -8.72499714e-02  2.28539082e-01 -2.55064971e-02\n",
      "  -4.29982260e-02 -1.67406592e-01  1.96230895e-01  5.30490613e-02\n",
      "  -2.61276367e-01 -2.71276670e-02 -1.53172065e-01  1.06339298e-03\n",
      "   2.12333333e-01  8.47047190e-02  3.66333368e-01  2.35698143e-03\n",
      "  -6.25597047e-02 -1.46236052e-01 -2.14931792e-01  3.99812669e-01\n",
      "   2.81373920e-01 -9.62772006e-02  3.95657346e-02  1.01994886e-01\n",
      "   1.45356493e-01  4.11356008e-02]\n",
      " [ 4.03839208e-01  2.31931943e-02  1.22679641e-01  5.60335309e-01\n",
      "  -6.29851974e-02  4.40506337e-01  1.62538731e-01  2.64969100e-01\n",
      "   4.49310547e-01  5.48440074e-01 -3.05672138e-02  1.40094100e-01\n",
      "  -4.25727015e-01 -2.65636222e-01  3.78138526e-01  3.66961166e-01\n",
      "   8.47047190e-02  4.18026090e-01  4.90451764e-02  5.34518426e-02\n",
      "   2.02037504e-01  2.09594592e-04  2.15276188e-01  7.00833322e-02\n",
      "   3.12152009e-01  3.10289727e-01  4.65004648e-01 -2.29932515e-01\n",
      "   3.21085233e-01  9.66416935e-03]\n",
      " [ 2.01484983e-01  8.06549584e-01  5.06654582e-01 -1.44787296e+00\n",
      "   6.04938701e-01 -4.45389145e-01  6.57759841e-01 -2.72745667e-01\n",
      "  -3.84177470e-01 -8.64638555e-01  3.85240654e-01  1.77945158e-01\n",
      "  -3.51927761e-01  1.11135084e-01 -5.34864642e-01 -2.77222335e-01\n",
      "   3.66333368e-01  4.90451764e-02  1.12189604e+00  3.83572361e-02\n",
      "  -1.90093301e-01 -4.23181270e-01 -3.25259334e-01  1.15703790e+00\n",
      "   6.62177360e-01 -3.15375857e-02 -1.24504048e-01  4.69239791e-01\n",
      "   1.97588438e-01  3.74480460e-01]\n",
      " [ 1.64078786e-01  4.98116141e-02  9.94894090e-02  1.24427098e-01\n",
      "   1.68128327e-01  1.11294955e-01  4.21926179e-02  1.65506409e-02\n",
      "   6.67495462e-02 -1.66119366e-01 -1.19765411e-01  1.44657203e-02\n",
      "  -1.98150586e-01  2.34951398e-02 -6.02502790e-02 -6.65410184e-02\n",
      "   2.35698143e-03  5.34518426e-02  3.83572361e-02  1.60755990e-01\n",
      "   3.53603515e-02  1.11507835e-01  1.93721905e-01 -2.07703669e-02\n",
      "   6.41212362e-02  1.89881004e-01  1.19677860e-02  2.03491419e-02\n",
      "  -2.76759544e-02  5.79765033e-02]\n",
      " [ 2.99226153e-01 -8.94516266e-02  1.41628470e-02  6.23255170e-01\n",
      "  -1.11724104e-01  3.37402596e-01 -1.41603829e-02  1.73955693e-01\n",
      "   3.29180146e-01  3.20200074e-01 -1.12259286e-01  6.67844327e-02\n",
      "  -1.34835614e-01 -1.80765575e-01  2.50556234e-01  2.21217017e-01\n",
      "  -6.25597047e-02  2.02037504e-01 -1.90093301e-01  3.53603515e-02\n",
      "   2.40410098e-01  8.63753366e-02  2.74601271e-01 -1.51609842e-01\n",
      "   5.16774272e-02  2.31470303e-01  2.44143355e-01 -2.45579928e-01\n",
      "   1.17129884e-01  5.61028441e-04]\n",
      " [ 9.12219536e-02 -3.21366819e-01 -1.95548182e-01  5.94605922e-01\n",
      "  -3.06345845e-02  2.71138683e-01 -3.11683947e-01  1.97423604e-01\n",
      "   1.08549458e-01  1.00944416e-01 -3.20863276e-01 -1.42731510e-01\n",
      "   5.85976411e-02 -9.31883337e-02  7.77580149e-02 -9.07178086e-02\n",
      "  -1.46236052e-01  2.09594592e-04 -4.23181270e-01  1.11507835e-01\n",
      "   8.63753366e-02  4.21321180e-01  1.67440956e-01 -5.55735457e-01\n",
      "  -2.13415813e-01  1.97578840e-01 -1.01947962e-01 -1.05093911e-01\n",
      "  -2.36809149e-01 -8.08796546e-02]\n",
      " [ 8.53439394e-01 -1.56061163e-01  2.43853717e-01  1.37100805e+00\n",
      "  -1.40033937e-02  5.66033262e-01 -6.04547290e-02  7.96049864e-02\n",
      "   5.69739416e-01  5.96410319e-01 -3.91856980e-01  2.55667209e-01\n",
      "   1.08054955e-01 -5.08637711e-02  5.33627607e-01  3.02017968e-01\n",
      "  -2.14931792e-01  2.15276188e-01 -3.25259334e-01  1.93721905e-01\n",
      "   2.74601271e-01  1.67440956e-01  1.06811394e+00 -4.67532374e-01\n",
      "  -6.26118627e-02  6.41331594e-01  5.31733096e-01 -3.47143580e-01\n",
      "   1.83127798e-01  8.92263345e-02]\n",
      " [ 4.57682903e-02  9.50568643e-01  5.10290217e-01 -1.65997929e+00\n",
      "   5.20706614e-01 -5.65453872e-01  7.53139419e-01 -2.74309074e-01\n",
      "  -4.16725832e-01 -1.01525839e+00  5.59413842e-01  1.82551625e-01\n",
      "  -3.80162865e-01  1.15376715e-01 -6.34812790e-01 -2.46095506e-01\n",
      "   3.99812669e-01  7.00833322e-02  1.15703790e+00 -2.07703669e-02\n",
      "  -1.51609842e-01 -5.55735457e-01 -4.67532374e-01  1.39477110e+00\n",
      "   7.16076703e-01 -5.57710170e-02 -9.72975580e-02  4.44302889e-01\n",
      "   2.18892218e-01  3.57470119e-01]\n",
      " [ 4.43002536e-01  4.42219314e-01  3.35085111e-01 -3.64298018e-01\n",
      "   2.33845510e-01  5.78187195e-02  4.64861436e-01  5.59814279e-02\n",
      "   9.37085524e-02 -2.18394700e-01  2.05347895e-01  2.01834498e-01\n",
      "  -5.48632796e-01 -1.54158755e-01 -1.49508711e-01  9.74737103e-02\n",
      "   2.81373920e-01  3.12152009e-01  6.62177360e-01  6.41212362e-02\n",
      "   5.16774272e-02 -2.13415813e-01 -6.26118627e-02  7.16076703e-01\n",
      "   6.81745659e-01  2.48809219e-01  1.90638717e-01  7.82469603e-02\n",
      "   3.26810602e-01  1.94672439e-01]\n",
      " [ 9.66486527e-01  1.56338513e-01  3.54946331e-01  5.32834083e-01\n",
      "   2.98935464e-01  3.37815862e-01  9.05976138e-02  2.64506498e-01\n",
      "   3.40139590e-01 -1.30593946e-01 -2.68544966e-01  1.17408683e-01\n",
      "   2.35876610e-01 -1.51927521e-01  8.73165739e-02  3.58230494e-02\n",
      "  -9.62772006e-02  3.10289727e-01 -3.15375857e-02  1.89881004e-01\n",
      "   2.31470303e-01  1.97578840e-01  6.41331594e-01 -5.57710170e-02\n",
      "   2.48809219e-01  1.09931682e+00  2.87442030e-01 -9.91034975e-02\n",
      "  -6.98437932e-03  2.39076153e-01]\n",
      " [ 3.97884673e-01 -8.96260191e-02  1.34599436e-01  1.10763004e+00\n",
      "  -3.73335426e-01  6.22383051e-01  1.31227798e-01  2.85010212e-01\n",
      "   7.29601500e-01  1.28607422e+00 -2.79030938e-02  3.37484282e-01\n",
      "  -3.86604279e-01 -2.69810716e-01  8.34414863e-01  7.55557596e-01\n",
      "   3.95657346e-02  4.65004648e-01 -1.24504048e-01  1.19677860e-02\n",
      "   2.44143355e-01 -1.01947962e-01  5.31733096e-01 -9.72975580e-02\n",
      "   1.90638717e-01  2.87442030e-01  9.28880369e-01 -4.67424628e-01\n",
      "   5.58822190e-01 -1.03082644e-01]\n",
      " [-1.18571736e-01  3.50741294e-01  1.46086184e-01 -1.18444129e+00\n",
      "   4.74249347e-01 -5.11059852e-01  1.62739393e-01 -2.46332256e-01\n",
      "  -5.36694058e-01 -9.19488858e-01  1.30484129e-01 -9.35339214e-02\n",
      "   1.88481863e-01  2.18589569e-01 -5.79817382e-01 -5.15433451e-01\n",
      "   1.01994886e-01 -2.29932515e-01  4.69239791e-01  2.03491419e-02\n",
      "  -2.45579928e-01 -1.05093911e-01 -3.47143580e-01  4.44302889e-01\n",
      "   7.82469603e-02 -9.91034975e-02 -4.67424628e-01  4.80985552e-01\n",
      "  -2.34591179e-01  2.04599096e-01]\n",
      " [ 1.95387216e-01  2.40395819e-03  1.50599864e-01  4.06519529e-01\n",
      "  -2.30294780e-01  3.00756537e-01  2.29901305e-01  8.58058438e-02\n",
      "   4.48900879e-01  6.79028906e-01  1.13271508e-01  2.48902885e-01\n",
      "  -4.96683452e-01 -1.38389773e-01  4.27448865e-01  5.23985356e-01\n",
      "   1.45356493e-01  3.21085233e-01  1.97588438e-01 -2.76759544e-02\n",
      "   1.17129884e-01 -2.36809149e-01  1.83127798e-01  2.18892218e-01\n",
      "   3.26810602e-01 -6.98437932e-03  5.58822190e-01 -2.34591179e-01\n",
      "   5.47210743e-01 -5.25053066e-02]\n",
      " [ 4.15408375e-01  3.86080897e-01  3.02920727e-01 -4.16498563e-01\n",
      "   4.37100609e-01 -1.15763590e-01  2.34984657e-01 -1.03529526e-01\n",
      "  -1.78408704e-01 -4.51984179e-01  2.86066957e-02  1.06997514e-01\n",
      "   1.13964174e-01  1.74811577e-02 -2.15416820e-01 -2.37501126e-01\n",
      "   4.11356008e-02  9.66416935e-03  3.74480460e-01  5.79765033e-02\n",
      "   5.61028441e-04 -8.08796546e-02  8.92263345e-02  3.57470119e-01\n",
      "   1.94672439e-01  2.39076153e-01 -1.03082644e-01  2.04599096e-01\n",
      "  -5.25053066e-02  3.14507240e-01]]\n"
     ]
    }
   ],
   "source": [
    "#Construccion de la matriz de covarianza de los 31 datos (Diagnosis + 30 pruebas)\n",
    "matrizCovarizanza = np.empty([len(MatrizDatos),len(MatrizDatos)])\n",
    "for i in range(len(MatrizDatos)):\n",
    "    for j in range(len(MatrizDatos)):\n",
    "        matrizCovarizanza[i,j]=covarianza(MatrizDatos[:,j],MatrizDatos[:,i])\n",
    "print(matrizCovarizanza)"
   ]
  },
  {
   "cell_type": "code",
   "execution_count": 31,
   "metadata": {},
   "outputs": [
    {
     "name": "stdout",
     "output_type": "stream",
     "text": [
      "Autovalores: \n",
      "[ 1.29595555e+01  5.40781624e+00  3.76569684e+00  1.77790089e+00\n",
      "  1.01068766e+00  8.87548497e-01  5.96201557e-01  3.60957826e-01\n",
      "  2.32917214e-01  2.15165147e-01  1.19680052e-01  9.34348456e-02\n",
      "  8.09599877e-02  6.67120358e-02  4.59066169e-02  3.39660565e-02\n",
      "  2.58531345e-02  1.72168747e-02  1.25227387e-02  9.76714197e-03\n",
      "  6.45310882e-03  4.48536568e-03  2.89089559e-03  1.95154641e-03\n",
      "  2.06575495e-03  4.62515460e-04  8.68224966e-07 -4.38322271e-17\n",
      "  6.10167779e-05  5.34298173e-05]\n",
      "Autovectores: \n",
      "[[ 9.51749270e-02  3.16245327e-01 -4.38679076e-01 -7.30462170e-02\n",
      "  -2.06191899e-01 -2.70391332e-02  3.74387047e-01  2.71886238e-01\n",
      "   3.47285598e-01 -1.03149968e-01 -3.22483107e-02 -2.28264048e-01\n",
      "   8.55060916e-02  3.99632959e-02  2.11084708e-02  1.34012724e-01\n",
      "  -3.54106561e-02 -1.54191030e-02  2.43191201e-02 -1.87568592e-01\n",
      "  -1.46252063e-01 -2.32508046e-03 -3.01898114e-02  3.01955682e-01\n",
      "   4.23884020e-02 -1.19076601e-01  1.07823399e-01 -6.76714547e-02\n",
      "  -2.02813784e-01 -7.28231490e-03]\n",
      " [-1.66536446e-01  2.47266848e-01 -3.62621387e-02 -1.09284814e-01\n",
      "  -3.57175880e-02  6.69057806e-02  4.40083996e-02 -5.93835063e-01\n",
      "  -4.31639186e-02 -1.91985849e-03 -7.16326102e-02 -5.77783202e-02\n",
      "  -1.94866719e-01  4.11937843e-02  6.00844543e-02  1.82080428e-01\n",
      "   6.56042130e-02 -9.73831660e-02  1.27147367e-01 -8.19071309e-02\n",
      "   1.21867829e-01 -1.35279378e-01 -2.22204496e-01  3.59503274e-02\n",
      "  -3.01626182e-02 -1.64725994e-01  1.75059970e-01 -4.16495420e-01\n",
      "   1.94618219e-01  2.45459990e-01]\n",
      " [-5.70648725e-02  2.26167270e-01 -1.27413914e-01 -9.47606026e-02\n",
      "   9.37644012e-02  1.65334346e-01 -1.62174717e-01 -1.04790290e-02\n",
      "  -1.69297171e-01  1.30248167e-01  3.58523553e-01  2.68075891e-01\n",
      "   1.77122403e-01 -2.77758610e-01  3.46923404e-01  2.68280028e-02\n",
      "  -2.89419542e-01 -2.98971143e-03 -4.21304343e-02 -2.40470891e-01\n",
      "   3.97070674e-02 -4.18312904e-01  9.35117407e-04  3.40599357e-02\n",
      "  -4.93991391e-02  3.52880593e-02  7.24760551e-02  1.38934834e-01\n",
      "  -1.79341676e-01 -2.66638990e-02]\n",
      " [ 5.12738217e-01 -3.91538358e-02 -1.98356484e-01  1.75880943e-01\n",
      "   3.02750381e-01  1.34203725e-01  4.40613621e-01 -2.18311626e-01\n",
      "  -2.85285223e-01 -2.54045790e-02  3.23910101e-01 -6.43437422e-02\n",
      "   9.22785143e-03  7.57000217e-02  7.89256954e-03 -8.44456851e-03\n",
      "   6.38275371e-02 -1.54473753e-01  1.38332719e-01  2.56004193e-02\n",
      "   2.03654700e-02  1.23867239e-01  5.74860214e-02 -1.48408630e-01\n",
      "   6.36084657e-02  1.39069525e-01  3.58996325e-02  6.46222255e-03\n",
      "  -1.84700391e-03 -5.69456902e-02]\n",
      " [-1.60147312e-01  1.43218178e-01 -2.20961295e-01  6.48137177e-02\n",
      "  -4.07129408e-01  2.25649272e-01 -1.63326723e-01 -7.22720438e-02\n",
      "  -3.51039456e-02  1.74050999e-01  2.64268928e-01 -1.23793058e-01\n",
      "  -8.70624213e-02 -5.29648820e-02 -2.85184795e-01 -5.82016209e-03\n",
      "   7.91916165e-02  2.52327079e-01  1.61979611e-01 -1.24948026e-01\n",
      "  -4.70982054e-02  2.43298306e-01 -2.41208330e-01 -3.60140469e-01\n",
      "   1.01519693e-01  1.48996292e-01  4.61445585e-02  1.97755627e-01\n",
      "  -1.52890478e-02 -9.35230184e-02]\n",
      " [ 2.34416822e-01  1.08583636e-01 -4.95750803e-02  1.58525259e-01\n",
      "  -1.52716051e-01 -5.70951249e-02  1.95554897e-02  3.34158704e-03\n",
      "  -1.64720371e-01  2.20196867e-01 -8.23416481e-02  1.02411741e-01\n",
      "  -1.20163781e-01 -2.11230959e-01 -5.39788507e-03 -1.63124309e-01\n",
      "  -4.28903264e-02  1.43405553e-01  1.72504150e-01  1.87694218e-02\n",
      "  -7.54704651e-02  1.45821676e-01  1.43489764e-01  8.74412105e-02\n",
      "  -4.99838489e-01 -5.31078566e-01 -1.22841019e-03  1.63793271e-01\n",
      "   1.45564590e-01  1.11798842e-01]\n",
      " [-8.67738515e-02  2.55616462e-01  4.49347634e-02 -4.93946106e-02\n",
      "   7.72787094e-02  3.20210364e-02 -4.68205178e-04 -1.22931374e-01\n",
      "  -8.12959312e-02  1.65757873e-01 -1.97657002e-02 -1.50992756e-01\n",
      "  -2.15300386e-01 -1.45103177e-02 -5.57676391e-02 -5.47137431e-02\n",
      "   2.23670681e-01 -1.92225071e-01 -1.65036422e-01 -5.18919380e-03\n",
      "   7.11051414e-02 -2.78069267e-02  4.05420312e-02 -4.95964617e-03\n",
      "  -7.83294387e-02 -1.75665304e-01 -5.23402765e-01 -8.16085123e-02\n",
      "  -4.08709851e-01 -4.29221252e-01]\n",
      " [ 1.07229161e-01  2.69749495e-02 -3.01225201e-03  9.29190198e-02\n",
      "  -1.26830175e-01 -3.98910685e-01 -1.43136547e-01 -1.25239680e-01\n",
      "  -1.38405669e-01 -5.47704293e-02  4.03011321e-02  2.07176670e-01\n",
      "   2.88575276e-01  2.22254368e-01 -2.24584652e-01  3.91598876e-02\n",
      "  -3.77722552e-02 -2.40015689e-01 -2.21951170e-01 -2.82277314e-01\n",
      "   3.87352352e-02  1.47118625e-01 -3.67050404e-02 -1.76129941e-01\n",
      "   1.47933340e-01 -2.58541340e-01  2.60925703e-02  3.69545900e-02\n",
      "  -3.18372217e-01  2.84200971e-01]\n",
      " [ 2.18656156e-01  1.25025873e-01  4.76631187e-03  8.03398663e-02\n",
      "   2.12469904e-01 -1.03790372e-01 -2.34542069e-01  2.13053809e-01\n",
      "  -8.42570669e-03  2.76264256e-01 -2.48861142e-02 -4.04703423e-02\n",
      "   1.29312852e-02 -2.63385966e-01  1.35439783e-01 -5.77642584e-03\n",
      "  -1.42042564e-01  3.12484837e-02  9.60168358e-02 -7.21802595e-02\n",
      "  -1.39967233e-01  3.02420020e-01 -3.01837279e-01  7.22580353e-02\n",
      "   2.86074065e-01  6.19612740e-02 -3.00964344e-01 -3.85899047e-01\n",
      "   1.04006578e-01  1.68066113e-01]\n",
      " [ 4.29548651e-01  6.43197760e-02  3.12064159e-01 -3.41735197e-01\n",
      "  -4.71581297e-01  9.43099856e-02  2.70090665e-02 -4.65209755e-02\n",
      "  -2.51581423e-02 -2.28660523e-01 -9.22483366e-03 -2.32385813e-03\n",
      "  -1.74612280e-01 -9.90385346e-02 -1.01931129e-02 -1.29946699e-01\n",
      "  -3.43317353e-01 -4.09401169e-03 -5.65163267e-02  4.95706034e-02\n",
      "  -9.67530697e-02 -6.35931034e-02  1.27702279e-01 -1.72747959e-01\n",
      "   6.11943843e-02  8.78466536e-02 -4.81901593e-02 -2.17191684e-01\n",
      "  -8.72848334e-02 -3.23255941e-02]\n",
      " [-9.15227946e-02  7.29485516e-02  1.86627212e-01 -1.21918009e-01\n",
      "   1.80305922e-01 -9.68155901e-02  1.74497400e-01 -2.48409163e-01\n",
      "   3.03646651e-02 -9.55988641e-02  1.54213267e-01 -2.22955837e-01\n",
      "   5.43742343e-02 -1.14309424e-01 -2.24300803e-01  1.22815849e-01\n",
      "  -1.66530882e-01  4.61340074e-01 -5.44079771e-02 -2.11260459e-01\n",
      "   8.21296629e-02  8.28346400e-02  2.50621561e-01  2.06904229e-01\n",
      "   2.72943753e-02  8.83060226e-02 -3.27484755e-01  1.91748366e-01\n",
      "   1.41878429e-02  2.78306895e-01]\n",
      " [ 4.42747249e-02  1.60958855e-01  1.99835263e-03 -1.39931306e-01\n",
      "   2.42776236e-02  1.56987861e-01  1.67506792e-01 -7.44094834e-02\n",
      "  -1.38571451e-02 -2.43977855e-01 -1.68105102e-01  4.17839807e-01\n",
      "   4.20653360e-01 -5.36500252e-02 -1.81375709e-01 -2.24497543e-01\n",
      "   1.53007679e-01  1.84423428e-01  7.25659232e-02 -1.69904356e-02\n",
      "   3.63454265e-02 -3.92289730e-02 -2.40921379e-01  4.89145335e-02\n",
      "   1.93443456e-01 -1.78484401e-01 -1.91022693e-01  9.33732971e-03\n",
      "   2.54780855e-01 -2.66432275e-01]\n",
      " [-5.69923540e-02 -3.02922933e-01 -3.32177094e-01 -7.19470166e-01\n",
      "   1.29171694e-01 -2.75641006e-01  6.76422560e-02  7.61904000e-02\n",
      "  -2.53852880e-01  1.64907012e-01 -2.83898692e-02  5.46218719e-02\n",
      "  -1.68229742e-01 -8.51801393e-03 -1.24546083e-01 -6.72123737e-02\n",
      "   2.33446986e-02  2.20367817e-02  1.19407748e-01 -4.67917068e-02\n",
      "  -7.67309096e-02 -6.58336086e-03 -6.70044568e-02 -3.14517275e-02\n",
      "   5.95369812e-04 -2.01207570e-02  1.46401370e-02  2.21695944e-02\n",
      "  -1.17899202e-02 -7.96671984e-04]\n",
      " [-9.46595884e-02 -8.52453308e-02 -1.25081104e-02 -3.33858155e-02\n",
      "   2.28034723e-01  3.38254965e-01 -2.59931377e-01  4.92582772e-02\n",
      "  -7.12031431e-02 -1.79192689e-01  2.73609613e-01  1.52468445e-03\n",
      "   2.44706037e-04  3.41289415e-01 -2.83420523e-01 -7.06892192e-03\n",
      "  -2.91868140e-01  2.90198083e-02 -3.67807256e-02 -2.97465243e-02\n",
      "  -3.01321371e-01  1.68435451e-01  1.41546772e-02  2.26908507e-01\n",
      "  -1.75750003e-01 -2.10541935e-01  8.71675911e-02 -2.69238132e-01\n",
      "  -2.04503160e-02 -1.49510392e-01]\n",
      " [ 2.67358469e-01  5.93794399e-02  1.02308019e-01 -2.32607728e-01\n",
      "  -2.09791050e-01  9.40206075e-02 -2.02311975e-01  2.86994955e-03\n",
      "  -6.68245197e-02  2.76847834e-01  1.26754550e-01  1.95480573e-03\n",
      "   1.41115665e-01  4.39732329e-01  2.54565804e-01 -4.77194335e-03\n",
      "   3.20241145e-01  1.62942884e-01 -5.30474241e-02 -5.28590669e-02\n",
      "   2.78083571e-01  1.52329952e-01  7.58345311e-02  3.65212833e-01\n",
      "  -1.09445168e-02  1.11424936e-01  3.46120383e-02  8.21133642e-03\n",
      "   5.60865740e-02 -4.33383809e-03]\n",
      " [ 1.98226241e-01  1.23802058e-01  2.02050202e-01 -9.65367582e-02\n",
      "   1.20170192e-01 -5.03990582e-02 -1.61000672e-01  4.66266434e-03\n",
      "   2.57119266e-01 -1.33585094e-01  2.03396815e-01  2.68648295e-01\n",
      "  -3.79141563e-01 -1.98473336e-01 -2.49146776e-01  1.96508086e-01\n",
      "   1.61691432e-01 -2.56569402e-01  1.66023893e-01  2.10172487e-02\n",
      "   4.67831398e-02  7.02311194e-02 -1.43737071e-01  2.98311652e-01\n",
      "   1.05306067e-01  3.29880214e-03  1.42022295e-01  3.18682548e-01\n",
      "  -3.14035155e-02 -2.05099554e-02]\n",
      " [-5.09094733e-02  1.09620542e-01  1.08273610e-01  3.45146857e-02\n",
      "   5.62546609e-02 -1.07750763e-01  8.85310495e-02  1.00775260e-01\n",
      "  -3.76722570e-01 -5.78371561e-02 -9.97707872e-02 -1.10386393e-01\n",
      "  -3.48472740e-02 -3.00502121e-01 -6.41449106e-02  7.29710851e-02\n",
      "  -4.40879434e-02  2.06069434e-01 -3.35727094e-01  3.48223969e-02\n",
      "   2.82787043e-01  2.44356460e-01 -7.63460375e-02  1.29903036e-01\n",
      "   8.37192333e-02 -2.86928044e-02  4.90936751e-01 -1.15237546e-01\n",
      "  -9.02211456e-02 -2.83483568e-01]\n",
      " [ 9.50662303e-02  1.93878403e-01  1.15188377e-02  6.87576755e-02\n",
      "  -1.83839403e-02 -2.36247354e-01 -8.82995736e-02  1.82171369e-03\n",
      "  -1.15643752e-01  1.95439605e-01  1.20616392e-01 -3.65236890e-01\n",
      "   1.99876841e-02  1.74311521e-01 -2.33901123e-01 -1.89304543e-01\n",
      "  -1.90105842e-01 -7.46675010e-02 -7.91945336e-02  2.62945569e-01\n",
      "  -4.97601202e-02 -4.32222459e-01 -9.85626128e-02  1.30878113e-01\n",
      "   2.75337061e-01 -1.28762185e-01  4.26433516e-02  1.88644275e-01\n",
      "   3.06994269e-01 -8.00723610e-02]\n",
      " [-2.00672992e-01  3.05846320e-01  6.79147558e-02 -6.22769169e-02\n",
      "  -4.80079474e-02  7.13347852e-02  1.02590760e-01  2.54402378e-01\n",
      "  -3.08086100e-01 -2.02318512e-02 -2.55265411e-02  1.44396470e-01\n",
      "  -1.42769185e-01  1.28863494e-01  1.07166387e-01  3.55269669e-01\n",
      "   5.07099153e-02 -1.68790841e-01 -3.87724813e-02 -9.41834390e-02\n",
      "  -2.09209106e-01  1.28835011e-01  3.82444471e-01 -1.36738164e-01\n",
      "   2.51821630e-01 -7.81775841e-02 -8.10011191e-02  8.87686746e-02\n",
      "   3.64415276e-01  3.35775723e-03]\n",
      " [ 3.36026958e-03  4.74176979e-02 -9.69421447e-02  1.72028329e-01\n",
      "  -4.43633303e-03  1.22195683e-01 -1.44352298e-01 -2.97758715e-02\n",
      "  -2.54169672e-01 -6.60651276e-02 -2.17753038e-01  4.01270025e-02\n",
      "  -1.41554955e-01 -9.94491629e-02 -1.66891493e-01 -3.72598252e-01\n",
      "   3.25953263e-01  7.43419111e-02  8.12967649e-02 -1.65311506e-01\n",
      "  -2.73258618e-01 -2.06110753e-01  2.85088078e-01  2.50090058e-01\n",
      "   2.17839562e-01  2.03061527e-01  1.24185456e-01 -9.95753116e-02\n",
      "  -2.02667935e-01  2.13748556e-01]\n",
      " [ 8.62032850e-02  6.15417382e-02 -6.60329345e-02  6.96658908e-02\n",
      "   7.07565777e-02 -1.20164144e-01  1.55570316e-02 -1.47485137e-01\n",
      "   2.89985261e-01  4.14597143e-01 -1.94906260e-01  2.32388326e-01\n",
      "  -5.68715651e-03  4.16733883e-02 -2.90499482e-01  3.67575542e-03\n",
      "  -2.17853141e-01 -5.33913512e-02 -4.00424042e-02 -3.03048783e-01\n",
      "   6.25731016e-02 -8.24833110e-03  3.06874663e-01 -3.93211396e-02\n",
      "  -8.16062882e-02  2.71462593e-01  1.35042883e-01 -1.53877552e-01\n",
      "   1.88891122e-01 -3.20281331e-01]\n",
      " [ 6.82290453e-02 -1.24683194e-01 -1.51796597e-01  2.34368298e-01\n",
      "  -1.86584079e-01 -1.03854468e-01 -6.04750393e-02 -4.68878332e-02\n",
      "  -2.96403880e-01 -6.74818879e-02 -2.42415132e-01  1.76162905e-01\n",
      "  -7.72273176e-02  1.65645003e-01 -4.64045225e-02  4.55145485e-01\n",
      "  -2.48968902e-01  1.76828648e-01  3.22553876e-01  1.47435395e-01\n",
      "   8.66392518e-02 -1.46407575e-01 -9.11782721e-02  2.26905852e-01\n",
      "   3.68488697e-02  1.25585555e-01 -2.08027018e-01  1.70651110e-02\n",
      "  -1.80132147e-01 -1.56638094e-01]\n",
      " [ 1.70405437e-01  1.09407877e-01 -3.18442177e-01 -7.36611130e-02\n",
      "   2.06117380e-01  4.10291941e-01 -1.62628067e-01  4.88060510e-02\n",
      "   4.92290137e-02 -4.28782537e-02 -3.88945075e-01 -6.98135586e-03\n",
      "  -2.04520444e-01  1.15601378e-01 -5.70647036e-02 -4.36976286e-02\n",
      "  -2.15435192e-01 -5.45229210e-03 -2.75589777e-01  5.58750415e-02\n",
      "   3.46779360e-01  4.58025957e-02 -2.49679292e-02 -1.20088800e-01\n",
      "   8.12006052e-02 -4.82833860e-02 -5.88058782e-02  2.43280465e-01\n",
      "  -4.03135627e-03  2.49123753e-01]\n",
      " [-2.28480231e-01  3.27735305e-01  1.34972867e-01 -9.18570717e-02\n",
      "   1.38032570e-01 -8.85941881e-02  8.04176790e-02 -1.37567450e-01\n",
      "   3.94179187e-02  7.32958414e-02 -1.25976413e-01  6.19936823e-02\n",
      "   4.86772634e-02  2.06011066e-01  1.89845611e-01 -3.09967709e-01\n",
      "  -2.78692474e-01 -2.67116975e-02  3.97590508e-01  2.60855210e-01\n",
      "  -2.93022038e-02  3.09117082e-01  7.59361746e-02 -4.79365016e-03\n",
      "   1.24632011e-01  6.27137984e-02  1.65381030e-01  1.57546696e-01\n",
      "  -2.81916361e-01 -6.61511207e-03]\n",
      " [-4.92032666e-02  3.08964127e-01  3.17901011e-02  9.55941378e-02\n",
      "   4.62913397e-02 -2.41399559e-01  1.60162032e-01  2.12475245e-01\n",
      "  -1.16866440e-01 -1.69354540e-01  8.26404046e-02  2.03965667e-01\n",
      "  -2.83213430e-01  2.76584975e-01 -1.03708999e-02 -2.16265326e-01\n",
      "  -6.74734691e-03  1.05713733e-01 -1.76362265e-01 -9.94150683e-02\n",
      "  -3.35152361e-03 -6.25362056e-02 -3.28365793e-01 -3.49174053e-02\n",
      "  -3.81623891e-01  3.54077720e-01 -9.44198078e-02 -3.30417771e-02\n",
      "   8.86838335e-02  1.11116419e-01]\n",
      " [ 5.81311536e-02  1.75841322e-01 -4.10585550e-01 -3.36323938e-03\n",
      "   4.44170729e-02 -3.46491937e-01 -3.97822014e-01 -1.17218358e-01\n",
      "   1.11242176e-01 -4.12756193e-01  1.66969130e-01 -9.12910365e-03\n",
      "  -1.69720324e-02 -7.56088368e-02  1.40240314e-01 -5.06946367e-02\n",
      "   8.95976195e-02  1.26260420e-01  1.90114827e-02  1.99658344e-01\n",
      "   1.19220816e-01  8.78991389e-02  3.19928991e-01 -1.09723804e-01\n",
      "  -1.89636560e-02  2.37057554e-02 -4.80008612e-02 -1.29058344e-01\n",
      "   1.43034693e-01 -1.52517194e-01]\n",
      " [ 1.93370804e-01  2.19710424e-01  8.84586575e-02 -1.71387870e-01\n",
      "   1.51669929e-01 -6.03593312e-03 -2.41226908e-01 -1.05980420e-01\n",
      "  -1.25287837e-01 -1.01209787e-01 -3.29951570e-01 -2.97901694e-01\n",
      "   3.25204717e-01 -5.39098921e-02 -2.49346978e-02  2.38999528e-01\n",
      "   1.06571975e-01 -1.06958883e-01  4.03635680e-02 -6.63196031e-02\n",
      "  -3.37985672e-01  9.26374940e-03 -1.20357756e-01 -9.41727033e-02\n",
      "  -3.41910965e-01  2.34250968e-01  8.37919471e-02  2.09293829e-01\n",
      "   1.48507394e-02 -7.34231298e-02]\n",
      " [-1.75013328e-01 -6.67379394e-03 -4.18684164e-02 -2.21336142e-02\n",
      "  -1.73657599e-01  7.37760863e-02 -2.47289098e-02  1.71779994e-01\n",
      "  -1.93829966e-01 -1.31762697e-01  4.05426783e-02 -1.70725796e-01\n",
      "   2.00129770e-01 -1.60436627e-01 -1.98529240e-01 -1.67677615e-01\n",
      "  -1.18717962e-01 -4.92147393e-01  2.60305614e-01 -1.00560753e-01\n",
      "   4.25645467e-01  1.08170998e-01  7.54685580e-02  1.91131335e-01\n",
      "  -1.72681630e-01  1.79192557e-01 -1.39356583e-01 -6.02443905e-02\n",
      "   1.48931304e-01  7.67067475e-02]\n",
      " [ 8.53770905e-02  2.10932110e-01  1.64085225e-01 -7.06401669e-02\n",
      "   1.95567944e-01  3.55326447e-02 -2.38461491e-02  3.71198331e-01\n",
      "   3.68919705e-02  8.30800585e-02  5.81477330e-02 -9.97851267e-03\n",
      "   1.09321828e-01  6.31739476e-02 -2.86891417e-01  1.64837029e-01\n",
      "   1.64953106e-01  2.02067619e-01  3.16954356e-01  1.33522327e-01\n",
      "   2.59910190e-01 -2.70517404e-01  1.35167987e-01 -3.20942527e-01\n",
      "  -7.81669165e-02 -1.04125233e-01  1.03515247e-01 -2.65476401e-01\n",
      "  -1.78890827e-01  1.50964287e-01]\n",
      " [-7.37099591e-02  1.24964434e-01 -1.56018959e-01 -7.41813350e-02\n",
      "  -1.18941325e-01  7.56632340e-02  9.78561204e-02 -9.02084039e-02\n",
      "  -6.91880481e-03  2.18855426e-01  1.03994075e-01  2.43440589e-01\n",
      "   1.96455907e-01 -1.59207785e-01 -2.23887861e-01  1.34914329e-01\n",
      "   4.75227291e-02 -8.69070665e-02 -3.08424696e-01  6.09654413e-01\n",
      "  -1.53202678e-01  8.16864532e-02  6.84792479e-02  1.28274569e-01\n",
      "  -1.18896148e-01  2.08684042e-01 -5.55743796e-02 -1.03916455e-01\n",
      "  -6.44279118e-02  2.40001630e-01]]\n"
     ]
    }
   ],
   "source": [
    "eig = np.linalg.eig(matrizCovarizanza)\n",
    "autoValores = eig[0]\n",
    "autoVectores = eig[1]\n",
    "print(\"Autovalores: \\n\" + str(autoValores))\n",
    "print(\"Autovectores: \\n\" + str(autoVectores))"
   ]
  },
  {
   "cell_type": "code",
   "execution_count": 34,
   "metadata": {},
   "outputs": [
    {
     "data": {
      "text/plain": [
       "array([ 1.09706398, -2.07333501,  1.26993369,  0.9843749 ,  1.56846633,\n",
       "        3.28351467,  2.65287398,  2.53247522,  2.21751501,  2.25574689,\n",
       "        2.48973393, -0.56526506,  2.83303087,  2.48757756, -0.21400165,\n",
       "        1.31686157,  0.72402616,  0.66081994,  1.14875667,  0.90708308,\n",
       "        1.88668963, -1.35929347,  2.30360062,  2.00123749,  1.30768627,\n",
       "        2.61666502,  2.10952635,  2.29607613,  2.75062224,  1.93701461])"
      ]
     },
     "execution_count": 34,
     "metadata": {},
     "output_type": "execute_result"
    }
   ],
   "source": [
    "MatrizDatos[:,0]"
   ]
  }
 ],
 "metadata": {
  "kernelspec": {
   "display_name": "Python 2",
   "language": "python",
   "name": "python2"
  },
  "language_info": {
   "codemirror_mode": {
    "name": "ipython",
    "version": 3
   },
   "file_extension": ".py",
   "mimetype": "text/x-python",
   "name": "python",
   "nbconvert_exporter": "python",
   "pygments_lexer": "ipython3",
   "version": "3.5.2"
  }
 },
